{"class":"TSStatic","persistentId":"00074640-7362-4ca6-bd79-d0fc771167b8","__parent":"rocks","position":[-201.260422,-266.14505,41.3528748],"isRenderEnabled":false,"rotationMatrix":[-0.993302107,0.11247807,0.0262982883,0.0183065422,0.378087282,-0.925587296,-0.114051044,-0.918910384,-0.377617031],"shapeName":"/levels/industrial/art/shapes/rocks/eca_rock_big_wide.dae"}
{"class":"TSStatic","persistentId":"0045698b-a390-414f-8069-1a6ec3447711","__parent":"rocks","position":[-496.012634,-395.26358,14.4828367],"isRenderEnabled":false,"rotationMatrix":[0.983830214,0.0457652546,-0.17315647,-0.0116405636,-0.948418796,-0.31680584,-0.178723738,0.313698679,-0.932551384],"scale":[2.23090005,2.23090005,2.23090005],"shapeName":"/levels/industrial/art/shapes/rocks/eca_rock_big_wide.dae"}
{"class":"TSStatic","persistentId":"038e8be1-08c3-4013-aa63-917f2d18ea2b","__parent":"rocks","position":[4.18149567,7.99556637,37.1562309],"isRenderEnabled":false,"rotationMatrix":[0.627101243,0.776324332,-0.0637521073,-0.659626424,0.572795987,0.486618072,0.414290309,-0.263106197,0.871284962],"scale":[0.807262361,0.807262361,0.807262361],"shapeName":"/levels/industrial/art/shapes/rocks/eca_rock_big_wide.dae"}
{"class":"TSStatic","persistentId":"0ac88598-13f7-4179-a943-f8ad0b368f6a","__parent":"rocks","position":[-242.291321,-324.562531,43.5179482],"isRenderEnabled":false,"rotationMatrix":[-0.948773921,-0.313333094,-0.0406406932,-0.275717139,0.758244038,0.590801954,-0.154302299,0.571742773,-0.805794001],"shapeName":"/levels/industrial/art/shapes/rocks/eca_rock_big_wide.dae"}
{"class":"TSStatic","persistentId":"0dba7b28-5803-4c6d-8d2e-e9aaf326a736","__parent":"rocks","position":[219.958023,57.2968102,38.4923248],"isRenderEnabled":false,"rotationMatrix":[0.978788435,0.133281484,-0.155592203,-0.198792845,0.801507294,-0.563974679,0.0495409071,0.582942724,0.811001599],"shapeName":"/levels/industrial/art/shapes/rocks/eca_rock_medium_2.dae"}
{"class":"TSStatic","persistentId":"11aae8e2-944f-43b2-8311-5d359acc57d4","__parent":"rocks","position":[-500.792816,-320.583771,33.397274],"isRenderEnabled":false,"rotationMatrix":[0.974908888,0.21923998,0.038547527,0.222524777,-0.955247223,-0.194900244,-0.00590740331,0.198587894,-0.980064571],"shapeName":"/levels/industrial/art/shapes/rocks/eca_rock_big_wide.dae"}
{"class":"TSStatic","persistentId":"18077f0e-0cd2-420f-b809-540ebf2fcd2b","__parent":"rocks","position":[-238.17749,-318.711639,46.0293655],"isRenderEnabled":false,"rotationMatrix":[0.917219818,0.3836115,-0.107475355,0.291865408,-0.830683887,-0.474108785,-0.271151721,0.403494,-0.873883307],"shapeName":"/levels/industrial/art/shapes/rocks/eca_rock_big_wide.dae"}
{"class":"TSStatic","persistentId":"1b1d3710-54e3-4d75-9308-a61de7b9ee14","__parent":"rocks","position":[-487.236481,-333.752563,30.9324951],"isRenderEnabled":false,"rotationMatrix":[0.624881804,0.778970301,-0.0522285663,-0.753878832,0.619437933,0.219005972,0.202951461,-0.0974787921,0.974324822],"shapeName":"/levels/industrial/art/shapes/rocks/eca_rock_big_wide.dae"}
{"class":"TSStatic","persistentId":"1d1440c4-8fed-45db-9b9e-16f5f1d00a96","__parent":"rocks","position":[-483.793396,-381.982208,15.5387764],"isRenderEnabled":false,"rotationMatrix":[-0.972102821,-0.185065135,0.144108787,-0.133128047,0.941165805,0.310618818,-0.19311519,0.282768518,-0.939547658],"scale":[2.23090005,2.23090005,2.23090005],"shapeName":"/levels/industrial/art/shapes/rocks/eca_rock_big_wide.dae"}
{"class":"TSStatic","persistentId":"2e0e35f9-9da2-48f8-a2ed-886bbecf7a58","__parent":"rocks","position":[-199.880951,-310.922699,40.5333862],"isRenderEnabled":false,"rotationMatrix":[0.897342145,0.433544219,-0.0825434178,-0.313900799,0.758449554,0.571155906,0.310227096,-0.486612856,0.816679418],"shapeName":"/levels/industrial/art/shapes/rocks/eca_rock_big_wide.dae"}
{"class":"TSStatic","persistentId":"31a21ea3-261d-46f6-b08d-34e8af46f242","__parent":"rocks","position":[88.8528748,125.569504,35.2592583],"isRenderEnabled":false,"rotationMatrix":[0.672804117,-0.739222407,0.0297580305,-0.59348774,-0.563304782,-0.574857235,0.441709995,0.369104534,-0.817712188],"shapeName":"/levels/industrial/art/shapes/rocks/eca_rock_big_wide.dae"}
{"class":"TSStatic","persistentId":"330b74d2-3c52-480d-a9a3-443378a4be9e","__parent":"rocks","position":[-208.329605,-321.49472,36.9122734],"isRenderEnabled":false,"rotationMatrix":[-0.878990114,-0.476223856,0.0242157578,-0.3256208,0.636564314,0.699112117,-0.348348826,0.606627703,-0.714602351],"shapeName":"/levels/industrial/art/shapes/rocks/eca_rock_big_wide.dae"}
{"class":"TSStatic","persistentId":"34a7af90-251f-41e1-809a-86615942a516","__parent":"rocks","position":[18.6226444,74.3420334,35.3554039],"isRenderEnabled":false,"rotationMatrix":[-0.287039518,-0.955533326,-0.0675575733,-0.748491108,0.267738938,-0.606693208,0.597803116,-0.123578802,-0.79205966],"shapeName":"/levels/industrial/art/shapes/rocks/eca_rock_big_wide.dae"}
{"class":"TSStatic","persistentId":"376aefdb-4cb6-47a0-b131-0b3fbd553f68","__parent":"rocks","position":[-226.802383,-331.309967,37.8899345],"isRenderEnabled":false,"rotationMatrix":[0.891210139,0.453325719,0.0155274849,0.406522989,-0.783077657,-0.470668405,-0.201207101,0.425776988,-0.882174671],"shapeName":"/levels/industrial/art/shapes/rocks/eca_rock_big_wide.dae"}
{"class":"TSStatic","persistentId":"37b2567f-431a-4150-b069-b20975d344a3","__parent":"rocks","position":[109.759972,36.9233208,36.6158562],"isRenderEnabled":false,"rotationMatrix":[-0.617285788,0.786739171,0,-0.786739171,-0.617285788,0,0,0,1],"shapeName":"/levels/industrial/art/shapes/buildings/debris/metal_pile.DAE"}
{"class":"TSStatic","persistentId":"3a08e8a6-7d21-4475-b2ef-5821d5a20f2e","__parent":"rocks","position":[7.30262804,11.4614563,36.7788162],"isRenderEnabled":false,"rotationMatrix":[-0.72770834,-0.675655067,0.118027754,-0.581421852,0.698958158,0.41642049,-0.363853097,0.234408647,-0.901477993],"scale":[0.807262361,0.807262361,0.807262361],"shapeName":"/levels/industrial/art/shapes/rocks/eca_rock_big_wide.dae"}
{"class":"TSStatic","persistentId":"3b79905b-1a43-4eb3-9d2f-0be2cc63bbb1","__parent":"rocks","position":[-490.948303,-330.767731,31.2838821],"isRenderEnabled":false,"rotationMatrix":[-0.622242332,-0.774335504,0.114969693,-0.780402005,0.625135422,-0.0133503247,-0.0615339205,-0.0980297253,-0.99327898],"shapeName":"/levels/industrial/art/shapes/rocks/eca_rock_big_wide.dae"}
{"class":"TSStatic","persistentId":"400e9540-84da-4fc5-95d7-ca68a35b6c22","__parent":"rocks","position":[-228.738678,-326.43277,40.8907051],"isRenderEnabled":false,"rotationMatrix":[-0.948773921,-0.313333094,-0.0406406932,-0.275717139,0.758244038,0.590801954,-0.154302299,0.571742773,-0.805794001],"shapeName":"/levels/industrial/art/shapes/rocks/eca_rock_big_wide.dae"}
{"class":"TSStatic","persistentId":"4083f8bb-5f8c-43da-93e7-802353cb739a","__parent":"rocks","position":[-221.665512,-256.855988,39.9307632],"isRenderEnabled":false,"rotationMatrix":[0.78048557,-0.622317016,-0.059682183,-0.447188884,-0.622448087,0.64232403,-0.436878264,-0.47463575,-0.764106214],"shapeName":"/levels/industrial/art/shapes/rocks/eca_rock_big_wide.dae"}
{"class":"TSStatic","persistentId":"44c465f6-d928-4360-a37b-c23f95da2dd7","__parent":"rocks","position":[-496.780701,-340.175934,31.0733013],"isRenderEnabled":false,"rotationMatrix":[-0.958290756,-0.28539601,-0.0150673352,0.280980438,-0.931207418,-0.232168898,0.0522293635,-0.226718932,0.972558796],"shapeName":"/levels/industrial/art/shapes/rocks/eca_rock_big_wide.dae"}
{"class":"TSStatic","persistentId":"44ca0fdb-714c-4a4b-985c-dd64a5144d5d","__parent":"rocks","position":[19.7025375,80.2927475,35.4298935],"isRenderEnabled":false,"rotationMatrix":[0.287039757,0.955533385,0.0675576553,-0.748491108,0.267738938,-0.606693208,-0.597803354,0.123578764,0.792059898],"shapeName":"/levels/industrial/art/shapes/rocks/eca_rock_big_wide.dae"}
{"class":"TSStatic","persistentId":"468e6f46-30ac-4bda-b435-25f386f60b69","__parent":"rocks","position":[-214.912018,-315.622894,43.7239838],"isRenderEnabled":false,"rotationMatrix":[0.88285619,0.469559163,-0.0087490119,-0.347710282,0.666054606,0.659900427,0.315689981,-0.579555571,0.751301706],"shapeName":"/levels/industrial/art/shapes/rocks/eca_rock_big_wide.dae"}
{"class":"TSStatic","persistentId":"491ca04b-28c3-4590-9c41-8311c6f5f18e","__parent":"rocks","position":[80.1372299,17.1808548,36.3188019],"isRenderEnabled":false,"rotationMatrix":[0.995737791,-0.0922132209,0.000741242431,-0.0787666962,-0.854665995,-0.513165593,0.0479547009,0.510920823,-0.85828805],"scale":[0.807262361,0.807262361,0.807262361],"shapeName":"/levels/industrial/art/shapes/rocks/eca_rock_big_wide.dae"}
{"class":"TSStatic","persistentId":"51f44073-019e-482a-af11-7f601e2eddab","__parent":"rocks","position":[-203.36348,-312.683655,40.755867],"isRenderEnabled":false,"rotationMatrix":[-0.845315456,-0.526054561,0.0933059752,-0.388717443,0.725388408,0.568075836,-0.366522044,0.443933874,-0.817669511],"shapeName":"/levels/industrial/art/shapes/rocks/eca_rock_big_wide.dae"}
{"class":"TSStatic","persistentId":"53456fca-c70d-4d74-a692-4fa408d1160a","__parent":"rocks","position":[-486.041412,-351.701416,27.8116951],"isRenderEnabled":false,"rotationMatrix":[0.84789741,0.527054787,-0.057297986,-0.485520303,0.815362871,0.315362275,0.212931871,-0.239575565,0.947240114],"shapeName":"/levels/industrial/art/shapes/rocks/eca_rock_big_wide.dae"}
{"class":"TSStatic","persistentId":"5586ff4e-7a3f-42d7-82c8-31b5e172f7f5","__parent":"rocks","position":[75.3800278,17.6553631,36.6232071],"isRenderEnabled":false,"rotationMatrix":[-0.99951148,0.0309612229,0.00405766582,0.0271620583,0.797965109,0.602089465,0.0154040391,0.601906121,-0.798416972],"scale":[0.807262361,0.807262361,0.807262361],"shapeName":"/levels/industrial/art/shapes/rocks/eca_rock_big_wide.dae"}
{"class":"TSStatic","persistentId":"572e9901-260c-47bd-8dcf-e2a33e801448","__parent":"rocks","position":[65.515976,17.9846458,37.8104134],"isRenderEnabled":false,"rotationMatrix":[0.97702688,0.0380722582,-0.209685311,-0.0979003906,-0.793767154,-0.600289762,-0.189295396,0.607027471,-0.77180475],"scale":[0.807262361,0.807262361,0.807262361],"shapeName":"/levels/industrial/art/shapes/rocks/eca_rock_big_wide.dae"}
{"class":"TSStatic","persistentId":"58f30172-4fcf-4da7-ab41-dfcee8f6760b","__parent":"rocks","position":[-216.307983,-260.622498,40.4396858],"isRenderEnabled":false,"rotationMatrix":[-0.952234745,0.284049064,-0.112089239,0.291079104,0.733364582,-0.614369512,-0.0923088789,-0.617650688,-0.781016409],"shapeName":"/levels/industrial/art/shapes/rocks/eca_rock_big_wide.dae"}
{"class":"TSStatic","persistentId":"5bda475e-ec61-46fd-97d3-1ac80cbe8516","__parent":"rocks","position":[-494.89325,-319.87793,32.6805344],"isRenderEnabled":false,"rotationMatrix":[0.910813928,0.344943851,-0.226785809,0.310730487,-0.934532285,-0.173483059,-0.27178055,0.0875415504,-0.958368957],"shapeName":"/levels/industrial/art/shapes/rocks/eca_rock_big_wide.dae"}
{"class":"TSStatic","persistentId":"5be1be47-2532-401b-b9a6-30ec07776291","__parent":"rocks","position":[-218.046951,-316.717346,44.0611382],"isRenderEnabled":false,"rotationMatrix":[0.906367064,0.400967687,0.133131206,0.390689135,-0.675502896,-0.625344634,-0.160812244,0.618805349,-0.768908262],"shapeName":"/levels/industrial/art/shapes/rocks/eca_rock_big_narrow.dae"}
{"class":"TSStatic","persistentId":"5ccdc6b4-9c70-4cd4-934f-aa06acb37664","__parent":"rocks","position":[-188.824783,-307.153809,40.0426674],"isRenderEnabled":false,"rotationMatrix":[-0.968161821,-0.236849219,0.0810106769,0.160451517,-0.83558023,-0.52541399,0.192135587,-0.4956882,0.846980214],"shapeName":"/levels/industrial/art/shapes/rocks/eca_rock_big_wide.dae"}
{"class":"TSStatic","persistentId":"6041f6f3-05ff-4f73-8be9-c680e3871459","__parent":"rocks","position":[-205.963562,-309.307587,44.0617256],"isRenderEnabled":false,"rotationMatrix":[0.855457723,0.512831211,-0.0720646456,0.368690729,-0.700827897,-0.610660672,-0.363671154,0.495825559,-0.78860575],"shapeName":"/levels/industrial/art/shapes/rocks/eca_rock_big_wide.dae"}
{"class":"TSStatic","persistentId":"611e32e1-e205-4a92-bdb5-88933cb006ce","__parent":"rocks","position":[-195.287033,-312.411011,38.0224724],"isRenderEnabled":false,"rotationMatrix":[-0.940708041,-0.33850956,0.0219113864,-0.282847583,0.818403363,0.500210762,-0.187258467,0.464355439,-0.865626276],"shapeName":"/levels/industrial/art/shapes/rocks/eca_rock_big_narrow.dae"}
{"class":"TSStatic","persistentId":"61c4ddc4-b3c8-4962-b40f-0c564f3bb445","__parent":"rocks","position":[-487.008209,-362.279694,24.9293098],"isRenderEnabled":false,"rotationMatrix":[0.926890254,0.326036423,-0.185939565,0.280980438,-0.931207418,-0.232168898,-0.248843744,0.162949711,-0.954737484],"scale":[2.23090005,2.23090005,2.23090005],"shapeName":"/levels/industrial/art/shapes/rocks/eca_rock_big_wide.dae"}
{"class":"TSStatic","persistentId":"6332f3bf-60d5-4180-a7f4-20e14dde5bc5","__parent":"rocks","position":[-199.081863,-314.646973,38.2092743],"isRenderEnabled":false,"rotationMatrix":[0.856457591,0.516199589,-0.00409546215,-0.43640995,0.728266776,0.528369725,0.275726706,-0.450738758,0.849004686],"shapeName":"/levels/industrial/art/shapes/rocks/eca_rock_big_wide.dae"}
{"class":"TSStatic","persistentId":"665d59f1-e459-42b0-8dd7-fb4b62b21ad0","__parent":"rocks","position":[-486.153046,-338.681427,30.9364262],"isRenderEnabled":false,"rotationMatrix":[0.791853309,0.610710979,0,-0.610710979,0.791853309,0,0,0,1],"shapeName":"/levels/industrial/art/shapes/rocks/eca_rock_medium_1.dae"}
{"class":"TSStatic","persistentId":"670ff3a8-908a-4f35-acf8-47b3bba5c503","__parent":"rocks","position":[213.502197,54.3662338,38.9131355],"isRenderEnabled":false,"rotationMatrix":[0.892345071,0.450583071,0.026377257,-0.350816429,0.729162037,-0.587581098,-0.283987433,0.515071511,0.808735311],"shapeName":"/levels/industrial/art/shapes/rocks/eca_rock_big_wide.dae"}
{"class":"TSStatic","persistentId":"686d1256-c51f-4c29-826f-5383c5aa0083","__parent":"rocks","position":[-200.81955,-306.109161,43.46772],"isRenderEnabled":false,"rotationMatrix":[-0.844186842,-0.53016746,0.0791695565,0.419393718,-0.745216787,-0.518420339,0.333848506,-0.404441059,0.851452351],"shapeName":"/levels/industrial/art/shapes/rocks/eca_rock_big_wide.dae"}
{"class":"TSStatic","persistentId":"6c637853-45b4-4568-9c02-a7cb7f9ab31c","__parent":"rocks","position":[92.4740067,121.193382,34.8976021],"isRenderEnabled":false,"rotationMatrix":[0.646757603,-0.761394203,-0.0445414931,0.54819411,0.423465937,0.721221089,-0.530271828,-0.490872234,0.691271126],"shapeName":"/levels/industrial/art/shapes/rocks/eca_rock_big_wide.dae"}
{"class":"TSStatic","persistentId":"7a3cf71b-c0b1-4743-8404-c1517b9492ef","__parent":"rocks","position":[-238.844193,-333.909698,39.1472282],"isRenderEnabled":false,"rotationMatrix":[0.944918156,0.324027687,0.0462239906,-0.309741497,0.839598835,0.446245074,0.10578642,-0.435982764,0.893717229],"shapeName":"/levels/industrial/art/shapes/rocks/eca_rock_big_wide.dae"}
{"class":"TSStatic","persistentId":"7b00a197-4e88-40ae-8cbb-51e3588617e2","__parent":"rocks","position":[-497.205566,-324.473145,33.0232658],"isRenderEnabled":false,"rotationMatrix":[-0.829119802,-0.55874747,0.0190204438,-0.558848679,0.829270303,0,-0.0157732479,-0.0106297033,-0.999818683],"shapeName":"/levels/industrial/art/shapes/rocks/eca_rock_medium_2.dae"}
{"class":"TSStatic","persistentId":"7df2215d-dd53-4301-9f6e-87284167356d","__parent":"rocks","position":[-202.743347,-324.782837,34.3022652],"isRenderEnabled":false,"rotationMatrix":[-0.404897898,0.914361775,0,-0.897142529,-0.397272915,0.193155423,0.176613942,0.0782082304,0.981168032],"shapeName":"/levels/industrial/art/shapes/rocks/eca_rock_medium_2.dae"}
{"class":"TSStatic","persistentId":"7e6bbb45-a749-4b4d-9c2b-266014583329","__parent":"rocks","position":[-495.872223,-374.966553,22.2849407],"isRenderEnabled":false,"rotationMatrix":[-0.997646034,-0.0551723838,0.0407149792,0.019632563,-0.798759818,-0.601329744,0.0656983703,-0.599114954,0.797963023],"scale":[2.23090005,2.23090005,2.23090005],"shapeName":"/levels/industrial/art/shapes/rocks/eca_rock_big_wide.dae"}
{"class":"TSStatic","persistentId":"845764f1-8425-4887-8e34-dc8b76bbaee0","__parent":"rocks","position":[60.8504982,17.9578323,38.578392],"isRenderEnabled":false,"rotationMatrix":[0.986268938,0.00322478684,-0.165113658,0.120811589,0.667570114,0.734679461,0.112593919,-0.74453932,0.658013821],"scale":[0.807262361,0.807262361,0.807262361],"shapeName":"/levels/industrial/art/shapes/rocks/eca_rock_big_wide.dae"}
{"class":"TSStatic","persistentId":"85f61ab1-a8bd-411f-8eb6-b679730b5cba","__parent":"rocks","position":[-243.458908,-320.504425,46.2057877],"isRenderEnabled":false,"rotationMatrix":[-0.952237964,-0.297134429,-0.0703909621,0.298745304,-0.858811021,-0.416167259,0.0632053539,-0.417319596,0.9065606],"shapeName":"/levels/industrial/art/shapes/rocks/eca_rock_big_wide.dae"}
{"class":"TSStatic","persistentId":"8667ecee-2b4e-4a60-93d8-c8f88376f8d1","__parent":"rocks","position":[-262.348969,-336.67688,41.4265747],"isRenderEnabled":false,"rotationMatrix":[-0.538194478,0.838206708,0.0880663618,-0.754774928,-0.432835698,-0.49291873,-0.375048906,-0.331757963,0.865606844],"shapeName":"/levels/industrial/art/shapes/rocks/eca_rock_big_wide.dae"}
{"class":"TSStatic","persistentId":"88b61b20-a7b2-4a6c-8bbd-b45a24b2e521","__parent":"rocks","position":[-212.663879,-325.422821,35.9794922],"isRenderEnabled":false,"rotationMatrix":[0.890283763,0.455405682,0,-0.3256208,0.636564314,0.699112117,0.31837973,-0.622408271,0.71501261],"shapeName":"/levels/industrial/art/shapes/rocks/eca_rock_big_wide.dae"}
{"class":"TSStatic","persistentId":"89e6466c-0ed7-40de-9133-7a9b16423e99","__parent":"rocks","position":[-494.282898,-346.674561,30.2211571],"isRenderEnabled":false,"rotationMatrix":[0.963393927,0.267897904,-0.0101215234,-0.262734413,0.95098567,0.16308333,0.0533151887,-0.154454246,0.986560464],"shapeName":"/levels/industrial/art/shapes/rocks/eca_rock_big_wide.dae"}
{"class":"TSStatic","persistentId":"8b4a59f0-b594-4070-9573-fd476a36b371","__parent":"rocks","position":[-253.386703,-342.530548,40.89217],"isRenderEnabled":false,"rotationMatrix":[-0.935887396,-0.329937071,0.123520702,0.248672158,-0.867023468,-0.43177712,0.249554992,-0.37337932,0.893482983],"shapeName":"/levels/industrial/art/shapes/rocks/eca_rock_big_wide.dae"}
{"class":"TSStatic","persistentId":"8bbff2bb-e603-4de5-af2b-dbe5fd503deb","__parent":"rocks","position":[-183.571136,-314.638611,36.0072861],"isRenderEnabled":false,"rotationMatrix":[-0.998902082,0.0367817879,0.0289753638,-0.0466976762,-0.827816308,-0.559051216,0.00342412665,-0.559791207,0.8286255],"shapeName":"/levels/industrial/art/shapes/rocks/eca_rock_big_wide.dae"}
{"class":"TSStatic","persistentId":"8eb98ef4-9f31-4518-a601-407ab0f05701","__parent":"rocks","position":[-203.760147,-317.79364,37.8398666],"isRenderEnabled":false,"rotationMatrix":[-0.856976748,-0.511082828,0.0662089735,0.367553562,-0.696190298,-0.616622984,0.361239582,-0.50409621,0.784469664],"shapeName":"/levels/industrial/art/shapes/rocks/eca_rock_big_wide.dae"}
{"class":"TSStatic","persistentId":"9529c77b-2b38-4d03-a4af-0340321f5566","__parent":"rocks","position":[-221.098389,-329.573242,36.7569618],"isRenderEnabled":false,"rotationMatrix":[-0.857922256,-0.50836879,0.0743732154,-0.357305914,0.694373131,0.624643326,-0.369191766,0.50932163,-0.777361691],"shapeName":"/levels/industrial/art/shapes/rocks/eca_rock_big_wide.dae"}
{"class":"TSStatic","persistentId":"96f0d4fe-5d4b-4b51-be32-2696618dcf41","__parent":"rocks","position":[-246.52597,-327.665009,43.2344551],"isRenderEnabled":false,"rotationMatrix":[0.837526977,0.54505384,-0.0382887274,-0.463860661,0.746299624,0.477357566,0.288760781,-0.382039547,0.877875447],"shapeName":"/levels/industrial/art/shapes/rocks/eca_rock_big_wide.dae"}
{"class":"TSStatic","persistentId":"9dcc2521-bb3d-46ac-a42f-17ad9e3ca7a1","__parent":"rocks","position":[-220.498367,-323.073303,40.6433334],"isRenderEnabled":false,"rotationMatrix":[-0.871444821,-0.488928109,0.0391311832,-0.336775094,0.654435277,0.676975965,-0.356601655,0.576769769,-0.734964073],"shapeName":"/levels/industrial/art/shapes/rocks/eca_rock_big_wide.dae"}
{"class":"TSStatic","persistentId":"a053bd24-f1e0-43cf-80dd-c84fc1c0c66b","__parent":"rocks","position":[21.9900303,69.2726822,35.7481461],"isRenderEnabled":false,"rotationMatrix":[0.0865162238,0.735195398,-0.67231071,0,0.674841464,0.737962842,0.996249914,-0.0638457611,0.0583847687],"shapeName":"/levels/industrial/art/shapes/rocks/eca_rock_medium_2.dae"}
{"class":"TSStatic","persistentId":"aad46874-1025-4774-8254-b69dbec986a9","__parent":"rocks","position":[-258.210724,-342.975708,40.3635521],"isRenderEnabled":false,"rotationMatrix":[0.943631351,-0.262916446,0.20108512,-0.167571932,-0.903365374,-0.394779146,0.285446823,0.338831067,-0.896501124],"shapeName":"/levels/industrial/art/shapes/rocks/eca_rock_big_wide.dae"}
{"class":"TSStatic","persistentId":"ab78f836-b217-447a-bb50-14833ee573a3","__parent":"rocks","position":[-211.109146,-318.947845,40.2037354],"isRenderEnabled":false,"rotationMatrix":[-0.867230237,-0.497892261,-0.00398123963,-0.390689284,0.675503194,0.625344872,-0.30866459,0.543873608,-0.780338466],"shapeName":"/levels/industrial/art/shapes/rocks/eca_rock_big_narrow.dae"}
{"class":"TSStatic","persistentId":"afd728af-fce4-4bb5-bec0-c4a8268cae61","__parent":"rocks","position":[252.796432,48.2556076,36.0201836],"isRenderEnabled":false,"rotationMatrix":[0.0313144177,-0.878531992,0.476656139,0.926320791,-0.153619528,-0.343995094,0.375434458,0.452307791,0.808991611],"shapeName":"/levels/industrial/art/shapes/rocks/eca_rock_big_narrow.dae"}
{"class":"TSStatic","persistentId":"b09c84ca-5fc6-436d-b293-ec1ac1d809fd","__parent":"rocks","position":[-214.188431,-322.105225,39.4897957],"isRenderEnabled":false,"rotationMatrix":[0.894895375,0.445654064,0.0235271566,0.335962862,-0.638053775,-0.692831814,-0.293751985,0.627916753,-0.720715225],"shapeName":"/levels/industrial/art/shapes/rocks/eca_rock_big_wide.dae"}
{"class":"TSStatic","persistentId":"b54b5cb7-e620-4f28-97bb-bac49f749518","__parent":"rocks","position":[25.4062195,73.2339401,35.8603477],"isRenderEnabled":false,"rotationMatrix":[0.0257310234,0.998534322,-0.0476062112,-0.794881165,0.0493155494,0.604756057,0.60621649,0.0222802814,0.794985116],"scale":[0.782297492,0.782297492,0.782297492],"shapeName":"/levels/industrial/art/shapes/rocks/eca_rock_big_wide.dae"}
{"class":"TSStatic","persistentId":"b5e2f3e9-4349-4f65-bf10-793cf9da6857","__parent":"rocks","position":[-243.900284,-336.280273,39.3898506],"isRenderEnabled":false,"rotationMatrix":[-0.861818731,-0.504193246,0.0553051643,-0.426961005,0.779990971,0.45751366,-0.273813277,0.370681107,-0.887482107],"shapeName":"/levels/industrial/art/shapes/rocks/eca_rock_big_wide.dae"}
{"class":"TSStatic","persistentId":"b65ef5d0-4070-4258-ad5e-bbcea9182db3","__parent":"rocks","position":[-496.013397,-384.749786,18.4891014],"isRenderEnabled":false,"rotationMatrix":[0.959755063,0.0783093348,-0.269698918,0.0116405431,0.948419034,0.31680584,0.280596524,-0.307195365,0.909339249],"scale":[2.23090005,2.23090005,2.23090005],"shapeName":"/levels/industrial/art/shapes/rocks/eca_rock_big_wide.dae"}
{"class":"TSStatic","persistentId":"b6c49d38-d9d3-4bf3-826e-958ca78f1b1f","__parent":"rocks","position":[-489.681763,-341.809998,30.502243],"isRenderEnabled":false,"rotationMatrix":[-0.868145049,-0.496105075,-0.0142822992,0.495011926,-0.863433778,-0.0971877798,0.0358835571,-0.0914429948,0.99516362],"shapeName":"/levels/industrial/art/shapes/rocks/eca_rock_big_wide.dae"}
{"class":"TSStatic","persistentId":"b8cdfc63-afa5-4c9a-a300-56335eed1e89","__parent":"rocks","position":[245.895737,51.031517,39.1055946],"isRenderEnabled":false,"rotationMatrix":[-0.542386413,0.839978337,-0.0159533843,-0.682791173,-0.429666489,0.590918601,0.489504725,0.33139807,0.806575119],"scale":[0.823461473,0.823461473,0.823461473],"shapeName":"/levels/industrial/art/shapes/rocks/eca_rock_big_wide.dae"}
{"class":"TSStatic","persistentId":"bd3fee1f-df91-4bd6-b96b-1774ea06ed87","__parent":"rocks","position":[-491.883789,-337.542999,31.1174164],"isRenderEnabled":false,"rotationMatrix":[0.895574272,0.444911718,0,-0.432028532,0.869641244,0.238905028,0.106291652,-0.213957176,0.97104305],"shapeName":"/levels/industrial/art/shapes/rocks/eca_rock_big_wide.dae"}
{"class":"TSStatic","persistentId":"bdccb04f-4afa-420f-b423-72ca1d908445","__parent":"rocks","position":[-192.347549,-302.846649,43.0406303],"isRenderEnabled":false,"rotationMatrix":[0.932743669,0.360441923,-0.0084232036,0.308096051,-0.808983743,-0.50061965,-0.187258467,0.464355439,-0.865626276],"shapeName":"/levels/industrial/art/shapes/rocks/eca_rock_big_narrow.dae"}
{"class":"TSStatic","persistentId":"c90a92fb-3157-4a74-872b-72e491624cd6","__parent":"rocks","position":[-210.582169,-262.472137,40.6134567],"isRenderEnabled":false,"rotationMatrix":[0.953479648,-0.301157206,-0.0134193487,0.229243636,0.753266931,-0.616471112,0.195763007,0.58471632,0.787263632],"shapeName":"/levels/industrial/art/shapes/rocks/eca_rock_big_wide.dae"}
{"class":"TSStatic","persistentId":"c9fd0002-0222-4ebd-8162-c5d8ef23ae55","__parent":"rocks","position":[56.4219551,17.4196568,38.6768341],"isRenderEnabled":false,"rotationMatrix":[-0.970435083,-0.226834074,-0.0824716911,-0.221925721,0.704247117,0.674377203,-0.0948910415,0.672741413,-0.733766019],"scale":[0.807262361,0.807262361,0.807262361],"shapeName":"/levels/industrial/art/shapes/rocks/eca_rock_big_wide.dae"}
{"class":"TSStatic","persistentId":"cf0c9c45-2da0-401a-ac0e-c9966bc4e5a4","__parent":"rocks","position":[1.37076414,3.69900775,37.0569153],"isRenderEnabled":false,"rotationMatrix":[-0.673750043,-0.737582088,-0.045085527,0.659626186,-0.572795868,-0.486617953,0.333095878,-0.357598811,0.872450054],"scale":[0.807262361,0.807262361,0.807262361],"shapeName":"/levels/industrial/art/shapes/rocks/eca_rock_big_wide.dae"}
{"class":"TSStatic","persistentId":"cf3088e3-bbff-49c4-95a9-de095df3c29e","__parent":"rocks","position":[-211.017578,-327.972961,35.5293617],"isRenderEnabled":false,"rotationMatrix":[0.794972897,0.606644154,0,-0.581411541,0.761906922,0.285407096,0.173140526,-0.226890922,0.95840621],"shapeName":"/levels/industrial/art/shapes/rocks/eca_rock_medium_1.dae"}
{"class":"TSStatic","persistentId":"cf58bd5e-4c6d-4353-88c0-9438732a797a","__parent":"rocks","position":[-498.862457,-364.87149,27.3269749],"isRenderEnabled":false,"rotationMatrix":[-0.958290756,-0.28539601,-0.0150673352,0.280980438,-0.931207418,-0.232168898,0.0522293635,-0.226718932,0.972558796],"scale":[2.23090005,2.23090005,2.23090005],"shapeName":"/levels/industrial/art/shapes/rocks/eca_rock_big_wide.dae"}
{"class":"TSStatic","persistentId":"d093a718-e50f-4b53-bf7c-716f3cb09df4","__parent":"rocks","position":[220.629272,55.2971725,40.2645416],"isRenderEnabled":false,"rotationMatrix":[0.976247251,-0.0159683544,-0.216070101,-0.134624973,0.736680508,-0.662704587,0.169757351,0.676052153,0.717031896],"shapeName":"/levels/industrial/art/shapes/rocks/eca_rock_medium_1.dae"}
{"class":"TSStatic","persistentId":"d1d9f73a-ead4-4b70-b932-a9acc411351f","__parent":"rocks","position":[-221.945358,-318.325562,43.6718559],"isRenderEnabled":false,"rotationMatrix":[-0.96514523,-0.258830786,-0.0387104377,-0.232418954,0.779703081,0.58141613,-0.120306179,0.57014811,-0.812684059],"shapeName":"/levels/industrial/art/shapes/rocks/eca_rock_big_wide.dae"}
{"class":"TSStatic","persistentId":"d307a37a-f137-4f24-89cb-1a9b46aa95d1","__parent":"rocks","position":[231.75145,62.4543457,37.8197708],"isRenderEnabled":false,"rotationMatrix":[0.906127453,0.423005283,0,-0.404339969,0.866144419,-0.293774545,-0.124268152,0.266197145,0.955874801],"shapeName":"/levels/industrial/art/shapes/rocks/eca_rock_medium_2.dae"}
{"class":"TSStatic","persistentId":"d3c273f5-0165-45f4-9c99-ad2549e90134","__parent":"rocks","position":[-192.469559,-308.63562,39.4282494],"isRenderEnabled":false,"rotationMatrix":[0.889064968,0.433016151,-0.148529112,-0.331060886,0.832260609,0.444681019,0.316168576,-0.346177071,0.883288741],"shapeName":"/levels/industrial/art/shapes/rocks/eca_rock_medium_1.dae"}
{"class":"TSStatic","persistentId":"d81a7230-57fa-4e6f-8c5a-184954d3098c","__parent":"rocks","position":[-483.351959,-372.164886,20.439436],"isRenderEnabled":false,"rotationMatrix":[-0.955108881,-0.218470529,0.20009473,0.0823797211,-0.844629586,-0.528975129,0.284571409,-0.488744974,0.824711204],"scale":[2.23090005,2.23090005,2.23090005],"shapeName":"/levels/industrial/art/shapes/rocks/eca_rock_big_wide.dae"}
{"class":"TSStatic","persistentId":"ddb7d887-6c41-4b3f-893b-124d34e91ad7","__parent":"rocks","position":[248.964722,53.0863609,36.3110886],"isRenderEnabled":false,"rotationMatrix":[0.497469336,-0.864868462,-0.0672884956,-0.719810069,-0.454833239,0.524406374,-0.484148115,-0.212440297,-0.848806798],"shapeName":"/levels/industrial/art/shapes/rocks/eca_rock_big_wide.dae"}
{"class":"TSStatic","persistentId":"deaa7866-9b04-4a8e-aab9-b1c5b5a5dc39","__parent":"rocks","position":[-226.370163,-253.670258,39.9137573],"isRenderEnabled":false,"rotationMatrix":[-0.893098772,0.447746813,-0.0435437746,0.393427759,0.730461836,-0.558244944,-0.218145624,-0.51569885,-0.828531444],"shapeName":"/levels/industrial/art/shapes/rocks/eca_rock_big_wide.dae"}
{"class":"TSStatic","persistentId":"e1429690-ae9e-47a5-9bcd-d61f28fe16b4","__parent":"rocks","position":[-211.40741,-311.933746,44.5501556],"isRenderEnabled":false,"rotationMatrix":[-0.864734471,-0.49960199,0.05128121,-0.357589841,0.684177816,0.635633588,-0.35264945,0.531316996,-0.770285368],"shapeName":"/levels/industrial/art/shapes/rocks/eca_rock_big_wide.dae"}
{"class":"TSStatic","persistentId":"e28e293c-39d8-4124-bdd9-28f18f2c4f61","__parent":"rocks","position":[-237.130325,-323.182526,43.3097343],"isRenderEnabled":false,"rotationMatrix":[-0.948773921,-0.313333094,-0.0406406932,-0.275717139,0.758244038,0.590801954,-0.154302299,0.571742773,-0.805794001],"shapeName":"/levels/industrial/art/shapes/rocks/eca_rock_big_wide.dae"}
{"class":"TSStatic","persistentId":"e4be4691-0a1e-40c1-bdf5-62b4f52b4814","__parent":"rocks","position":[-233.414337,-332.536407,38.9887428],"isRenderEnabled":false,"rotationMatrix":[-0.981713295,-0.155846879,0.109318592,0.0941390842,-0.896573126,-0.432775289,0.165459171,-0.41457063,0.894850016],"shapeName":"/levels/industrial/art/shapes/rocks/eca_rock_big_wide.dae"}
{"class":"TSStatic","persistentId":"e70b4fee-e5e1-405c-a75e-3c01155cd6ef","__parent":"rocks","position":[-496.084229,-314.989899,33.0882301],"isRenderEnabled":false,"rotationMatrix":[0.910813928,0.344943851,-0.226785809,-0.354171991,0.935180604,0,0.212085679,0.0803211704,0.973944366],"shapeName":"/levels/industrial/art/shapes/rocks/eca_rock_big_wide.dae"}
{"class":"TSStatic","persistentId":"e889e848-21fa-4664-b923-302b8b0ebbda","__parent":"rocks","position":[-492.429749,-352.940002,28.4023304],"isRenderEnabled":false,"rotationMatrix":[-0.93160826,-0.268925667,0.244507492,-0.233268812,0.958278358,0.165191576,-0.278730631,0.0968579873,-0.955472469],"scale":[1.70174444,1.70174444,1.70174444],"shapeName":"/levels/industrial/art/shapes/rocks/eca_rock_big_wide.dae"}
{"class":"TSStatic","persistentId":"e942a602-e4d9-44ee-a516-a1b8a4b520e1","__parent":"rocks","position":[-207.524734,-316.433105,40.0391655],"isRenderEnabled":false,"rotationMatrix":[0.857093871,0.511185348,-0.0638404861,-0.390451461,0.72544843,0.566809416,0.336058348,-0.460882783,0.821371675],"shapeName":"/levels/industrial/art/shapes/rocks/eca_rock_big_wide.dae"}
{"class":"TSStatic","persistentId":"e9592ab2-33c3-4e60-90e1-523412e89c66","__parent":"rocks","position":[-251.5448,-331.493164,43.4529381],"isRenderEnabled":false,"rotationMatrix":[-0.831883609,-0.552220643,0.0549773164,0.463860631,-0.746299446,-0.477357447,0.304636598,-0.371604383,0.876988113],"shapeName":"/levels/industrial/art/shapes/rocks/eca_rock_big_wide.dae"}
{"class":"TSStatic","persistentId":"ee4ed5d7-526e-412d-9519-f87f342c908b","__parent":"rocks","position":[-215.86203,-318.880127,42.0571861],"isRenderEnabled":false,"rotationMatrix":[-0.894895136,-0.445653975,-0.0235271454,-0.411480308,0.803568244,0.430071026,-0.172757477,0.394549966,-0.90248841],"shapeName":"/levels/industrial/art/shapes/rocks/eca_rock_big_wide.dae"}
{"class":"TSStatic","persistentId":"ee7249d0-faab-4b75-b783-562a4d981cb6","__parent":"rocks","position":[-494.826019,-333.820801,31.6920643],"isRenderEnabled":false,"rotationMatrix":[0.83311522,0.552640438,-0.0225013308,-0.550952315,0.832776606,0.0541734174,0.0486772619,-0.0327356905,0.998277187],"shapeName":"/levels/industrial/art/shapes/rocks/eca_rock_big_wide.dae"}
{"class":"TSStatic","persistentId":"ef13feed-e5d9-4b97-9182-ae3e21150960","__parent":"rocks","position":[-496.808044,-329.402893,32.1390076],"isRenderEnabled":false,"rotationMatrix":[-0.821836174,-0.55270493,0.138199657,0.529153049,-0.830416799,-0.174368799,0.211138159,-0.0701742917,0.974932611],"shapeName":"/levels/industrial/art/shapes/rocks/eca_rock_big_wide.dae"}
{"class":"TSStatic","persistentId":"ef39198e-ecab-4073-914d-3d960d3f6682","__parent":"rocks","position":[228.204178,59.6520805,38.2838783],"isRenderEnabled":false,"rotationMatrix":[-0.917439163,0.194129929,0.347301453,-0.0468194038,0.814150572,-0.57876277,-0.395110846,-0.547240376,-0.737844944],"shapeName":"/levels/industrial/art/shapes/rocks/eca_rock_big_narrow.dae"}
{"class":"TSStatic","persistentId":"f6bc3370-8101-4d60-bfe2-e62effd63447","__parent":"rocks","position":[-214.725632,-265.373749,42.806778],"isRenderEnabled":false,"rotationMatrix":[-0.960196614,0.272330135,-0.0621019676,-0.277522504,-0.904943824,0.322579533,0.0316496566,0.326974601,0.944503009],"shapeName":"/levels/industrial/art/shapes/rocks/eca_rock_big_wide.dae"}
{"class":"TSStatic","persistentId":"f73325d4-c131-4fb7-8c87-15fe43d4e6d7","__parent":"rocks","position":[223.940521,58.4520798,38.3465157],"isRenderEnabled":false,"rotationMatrix":[0.608454108,0.68029213,0.408638865,-0.426152289,0.714473307,-0.554906905,-0.669460773,0.163492978,0.724632382],"shapeName":"/levels/industrial/art/shapes/rocks/eca_rock_big_narrow.dae"}
{"class":"TSStatic","persistentId":"fb80a544-3e61-4277-aab6-88750ad24128","__parent":"rocks","position":[-482.103027,-349.415405,27.9254112],"isRenderEnabled":false,"rotationMatrix":[0.845414877,0.534109771,0,-0.502309799,0.795080364,0.339899331,0.181543529,-0.28735581,0.940461874],"shapeName":"/levels/industrial/art/shapes/rocks/eca_rock_big_narrow.dae"}
{"class":"TSStatic","persistentId":"fd44954d-0b06-4eff-8571-cc79f6a00115","__parent":"rocks","position":[-248.813431,-339.859741,39.9611015],"isRenderEnabled":false,"rotationMatrix":[-0.823234618,-0.544620156,0.160234168,0.420262754,-0.774405062,-0.472942859,0.3816607,-0.322002918,0.866401017],"shapeName":"/levels/industrial/art/shapes/rocks/eca_rock_big_wide.dae"}
{"class":"TSStatic","persistentId":"ff394258-f159-40dc-ad00-ea8809e338be","__parent":"rocks","position":[25.3502007,77.8072433,35.7748947],"isRenderEnabled":false,"rotationMatrix":[-0.0449815392,-0.998737812,0.0223201066,-0.775274575,0.0489903949,0.629720092,-0.630017936,0.0110217035,-0.776499748],"scale":[0.782297492,0.782297492,0.782297492],"shapeName":"/levels/industrial/art/shapes/rocks/eca_rock_big_wide.dae"}
