{"class":"TSStatic","persistentId":"1933f206-d597-4c7b-99f5-026496384e1e","__parent":"dock_barriers","position":[319.647278,1532.65271,74.8006592],"isRenderEnabled":false,"rotationMatrix":[0.399736166,-0.916630328,0,0.916630328,0.399736166,0,0,0,1],"shapeName":"/levels/west_coast_usa/art/shapes/objects/s_chainlink_old.dae","useInstanceRenderData":true}
{"class":"TSStatic","persistentId":"4848207a-5d18-43c0-ad69-2af29c690580","__parent":"dock_barriers","position":[319.555603,1532.61279,74.8006592],"isRenderEnabled":false,"rotationMatrix":[0.916630089,0.399736464,0,-0.399736464,0.916630089,0,0,0,1],"shapeName":"/levels/west_coast_usa/art/shapes/objects/s_chainlink_old.dae","useInstanceRenderData":true}
{"class":"TSStatic","persistentId":"12cfaaa8-827c-4e87-8b03-209f2eae10f9","__parent":"dock_barriers","position":[317.630676,1531.77332,74.8006592],"isRenderEnabled":false,"rotationMatrix":[0.916630089,0.399736464,0,-0.399736464,0.916630089,0,0,0,1],"shapeName":"/levels/west_coast_usa/art/shapes/objects/s_chainlink_old.dae","useInstanceRenderData":true}
{"class":"TSStatic","persistentId":"09819fde-fc42-44f0-8489-f7a27e4585ea","__parent":"dock_barriers","position":[315.70575,1530.93384,74.8006592],"isRenderEnabled":false,"rotationMatrix":[0.916630089,0.399736464,0,-0.399736464,0.916630089,0,0,0,1],"shapeName":"/levels/west_coast_usa/art/shapes/objects/s_chainlink_old.dae","useInstanceRenderData":true}
{"class":"TSStatic","persistentId":"1e2937a2-8ef8-4bf6-9fe6-2ca7210bfc14","__parent":"dock_barriers","position":[313.780823,1530.09436,74.8006592],"isRenderEnabled":false,"rotationMatrix":[0.399736285,-0.916630149,0,0.916630149,0.399736285,0,0,0,1],"shapeName":"/levels/west_coast_usa/art/shapes/objects/s_chainlink_old.dae","useInstanceRenderData":true}
{"class":"TSStatic","persistentId":"ee2c306e-d983-4c45-a7cb-1a89602c325a","__parent":"dock_barriers","position":[312.941376,1532.01929,74.8006592],"isRenderEnabled":false,"rotationMatrix":[0.399736285,-0.916630149,0,0.916630149,0.399736285,0,0,0,1],"shapeName":"/levels/west_coast_usa/art/shapes/objects/s_chainlink_old.dae","useInstanceRenderData":true}
{"class":"TSStatic","persistentId":"8b48f24f-822d-4a9f-9deb-6329753a202a","__parent":"dock_barriers","position":[318.807831,1534.57764,74.8006592],"isRenderEnabled":false,"rotationMatrix":[0.399736166,-0.916630328,0,0.916630328,0.399736166,0,0,0,1],"shapeName":"/levels/west_coast_usa/art/shapes/objects/s_chainlink_old.dae","useInstanceRenderData":true}
{"class":"TSStatic","persistentId":"9472e61c-02b0-477a-8db8-e084df4a2e9e","__parent":"dock_barriers","position":[317.916687,1536.37097,74.8006592],"isRenderEnabled":false,"rotationMatrix":[0.916630089,0.399736464,0,-0.399736464,0.916630089,0,0,0,1],"shapeName":"/levels/west_coast_usa/art/shapes/objects/s_chainlink_old.dae","useInstanceRenderData":true}
{"class":"TSStatic","persistentId":"df610a4c-a0f3-4bb0-97ac-60f89fc333bd","__parent":"dock_barriers","position":[315.99176,1535.53149,74.8006592],"isRenderEnabled":false,"rotationMatrix":[0.916630089,0.399736464,0,-0.399736464,0.916630089,0,0,0,1],"shapeName":"/levels/west_coast_usa/art/shapes/objects/s_chainlink_old.dae","useInstanceRenderData":true}
{"class":"TSStatic","persistentId":"f7c4d970-4e74-428b-9f8b-791733b8bdd4","__parent":"dock_barriers","position":[326.265137,1537.6969,74.6639481],"isRenderEnabled":false,"rotationMatrix":[-0.9171592,-0.39852038,0,0.39852038,-0.9171592,0,0,0,1],"shapeName":"/levels/west_coast_usa/art/shapes/buildings/office_mobile3.dae","useInstanceRenderData":true}
{"class":"TSStatic","persistentId":"a5bf8778-1277-4f40-92d6-96d485b578ce","__parent":"dock_barriers","position":[436.200012,1667.19995,74.7000046],"isRenderEnabled":false,"rotationMatrix":[-0.999999762,-3.25841341e-07,0,3.25841341e-07,-0.999999762,0,0,0,1],"shapeName":"/levels/west_coast_usa/art/shapes/objects/jerseybarrier_end.dae","useInstanceRenderData":true}
{"class":"TSStatic","persistentId":"b4d7e538-a035-412f-9150-d2b0bee88bf2","__parent":"dock_barriers","position":[436.200012,1670.20007,74.7000046],"isRenderEnabled":false,"rotationMatrix":[-0.999999762,-3.25841341e-07,0,3.25841341e-07,-0.999999762,0,0,0,1],"shapeName":"/levels/west_coast_usa/art/shapes/objects/jerseybarrier_3m.dae","useInstanceRenderData":true}
{"class":"TSStatic","persistentId":"50c7ddbe-cb07-464d-a735-07b016253125","__parent":"dock_barriers","position":[361.218323,1557.7395,74.7025909],"decalType":"None","isRenderEnabled":false,"rotationMatrix":[0.91354537,0.406736612,0,-0.406736612,0.91354537,0,0,0,0.999999881],"shapeName":"/levels/west_coast_usa/art/shapes/buildings/s_port_ppa_fence_post.dae","useInstanceRenderData":true}
{"class":"TSStatic","persistentId":"e528dd16-bd43-4f3a-84d0-a1153d221878","__parent":"dock_barriers","position":[361.218323,1557.7395,74.7025909],"decalType":"None","isRenderEnabled":false,"rotationMatrix":[0.91354537,0.406736612,0,-0.406736612,0.91354537,0,0,0,0.999999881],"shapeName":"/levels/west_coast_usa/art/shapes/buildings/s_port_ppa_fence_bars_2m.dae","useInstanceRenderData":true}
{"class":"TSStatic","persistentId":"ef1665d5-39eb-4d70-902f-4dca615b73be","__parent":"dock_barriers","position":[363.04538,1558.5531,74.7025909],"decalType":"None","isRenderEnabled":false,"rotationMatrix":[0.91354537,0.406736612,0,-0.406736612,0.91354537,0,0,0,0.999999881],"shapeName":"/levels/west_coast_usa/art/shapes/buildings/s_port_ppa_fence_bars_2m.dae","useInstanceRenderData":true}
{"class":"TSStatic","persistentId":"3c5c9758-5bc8-4909-9e7f-5765e683689e","__parent":"dock_barriers","position":[364.872467,1559.36658,74.7025909],"decalType":"None","isRenderEnabled":false,"rotationMatrix":[0.91354537,0.406736612,0,-0.406736612,0.91354537,0,0,0,0.999999881],"shapeName":"/levels/west_coast_usa/art/shapes/buildings/s_port_ppa_fence_post.dae","useInstanceRenderData":true}
{"class":"TSStatic","persistentId":"11d1a1f0-27a0-4c5e-bf88-bd26b381ad69","__parent":"dock_barriers","position":[368.526581,1560.99353,74.7025909],"decalType":"None","isRenderEnabled":false,"rotationMatrix":[0.91354537,0.406736612,0,-0.406736612,0.91354537,0,0,0,0.999999881],"shapeName":"/levels/west_coast_usa/art/shapes/buildings/s_port_ppa_fence_post.dae","useInstanceRenderData":true}
{"class":"TSStatic","persistentId":"dbc56bfb-1754-449e-8831-608ae0cff59d","__parent":"dock_barriers","position":[366.699524,1560.18018,74.7025909],"decalType":"None","isRenderEnabled":false,"rotationMatrix":[0.91354537,0.406736612,0,-0.406736612,0.91354537,0,0,0,0.999999881],"shapeName":"/levels/west_coast_usa/art/shapes/buildings/s_port_ppa_fence_bars_2m.dae","useInstanceRenderData":true}
{"class":"TSStatic","persistentId":"6c2ae668-ee58-478a-828d-748f5ac69355","__parent":"dock_barriers","position":[364.872467,1559.36658,74.7025909],"decalType":"None","isRenderEnabled":false,"rotationMatrix":[0.91354537,0.406736612,0,-0.406736612,0.91354537,0,0,0,0.999999881],"shapeName":"/levels/west_coast_usa/art/shapes/buildings/s_port_ppa_fence_bars_2m.dae","useInstanceRenderData":true}
{"class":"TSStatic","persistentId":"1f8834be-c60b-402a-9068-8aa196883a6d","__parent":"dock_barriers","position":[372.180725,1562.62073,74.7025909],"decalType":"None","isRenderEnabled":false,"rotationMatrix":[0.91354537,0.406736612,0,-0.406736612,0.91354537,0,0,0,0.999999881],"shapeName":"/levels/west_coast_usa/art/shapes/buildings/s_port_ppa_fence_post.dae","useInstanceRenderData":true}
{"class":"TSStatic","persistentId":"544f8b71-4c8e-4e63-9d7b-1d096ee1f37b","__parent":"dock_barriers","position":[370.353638,1561.80725,74.7025909],"decalType":"None","isRenderEnabled":false,"rotationMatrix":[0.91354537,0.406736612,0,-0.406736612,0.91354537,0,0,0,0.999999881],"shapeName":"/levels/west_coast_usa/art/shapes/buildings/s_port_ppa_fence_bars_2m.dae","useInstanceRenderData":true}
{"class":"TSStatic","persistentId":"c2fe716e-ad5d-490b-a2f1-cd1017ed47f2","__parent":"dock_barriers","position":[368.526581,1560.99353,74.7025909],"decalType":"None","isRenderEnabled":false,"rotationMatrix":[0.91354537,0.406736612,0,-0.406736612,0.91354537,0,0,0,0.999999881],"shapeName":"/levels/west_coast_usa/art/shapes/buildings/s_port_ppa_fence_bars_2m.dae","useInstanceRenderData":true}
{"class":"TSStatic","persistentId":"050c25e2-dd1a-4657-882e-3c998a4e6b59","__parent":"dock_barriers","position":[375.834839,1564.2478,74.7025909],"decalType":"None","isRenderEnabled":false,"rotationMatrix":[0.91354537,0.406736612,0,-0.406736612,0.91354537,0,0,0,0.999999881],"shapeName":"/levels/west_coast_usa/art/shapes/buildings/s_port_ppa_fence_post.dae","useInstanceRenderData":true}
{"class":"TSStatic","persistentId":"d44e3ad0-fe1f-409a-adc7-4450131b78ee","__parent":"dock_barriers","position":[374.007782,1563.43433,74.7025909],"decalType":"None","isRenderEnabled":false,"rotationMatrix":[0.91354537,0.406736612,0,-0.406736612,0.91354537,0,0,0,0.999999881],"shapeName":"/levels/west_coast_usa/art/shapes/buildings/s_port_ppa_fence_bars_2m.dae","useInstanceRenderData":true}
{"class":"TSStatic","persistentId":"d3c3b504-b2d1-423d-a736-f12b102edf8b","__parent":"dock_barriers","position":[372.180725,1562.62073,74.7025909],"decalType":"None","isRenderEnabled":false,"rotationMatrix":[0.91354537,0.406736612,0,-0.406736612,0.91354537,0,0,0,0.999999881],"shapeName":"/levels/west_coast_usa/art/shapes/buildings/s_port_ppa_fence_bars_2m.dae","useInstanceRenderData":true}
{"class":"TSStatic","persistentId":"05b27219-b918-41bc-881a-3b31e9649de0","__parent":"dock_barriers","position":[379.488983,1565.87488,74.7025909],"decalType":"None","isRenderEnabled":false,"rotationMatrix":[0.91354537,0.406736612,0,-0.406736612,0.91354537,0,0,0,0.999999881],"shapeName":"/levels/west_coast_usa/art/shapes/buildings/s_port_ppa_fence_post.dae","useInstanceRenderData":true}
{"class":"TSStatic","persistentId":"19581a05-e540-4cd2-918b-bc9698911098","__parent":"dock_barriers","position":[377.661896,1565.06128,74.7025909],"decalType":"None","isRenderEnabled":false,"rotationMatrix":[0.91354537,0.406736612,0,-0.406736612,0.91354537,0,0,0,0.999999881],"shapeName":"/levels/west_coast_usa/art/shapes/buildings/s_port_ppa_fence_bars_2m.dae","useInstanceRenderData":true}
{"class":"TSStatic","persistentId":"c170e403-6416-4ed0-8390-b4e2a3d29896","__parent":"dock_barriers","position":[375.834839,1564.2478,74.7025909],"decalType":"None","isRenderEnabled":false,"rotationMatrix":[0.91354537,0.406736612,0,-0.406736612,0.91354537,0,0,0,0.999999881],"shapeName":"/levels/west_coast_usa/art/shapes/buildings/s_port_ppa_fence_bars_2m.dae","useInstanceRenderData":true}
{"class":"TSStatic","persistentId":"74ac6a5c-df24-4180-abb1-cc2b8b135559","__parent":"dock_barriers","position":[394.10553,1572.38306,74.7025909],"decalType":"None","isRenderEnabled":false,"rotationMatrix":[0.91354537,0.406736612,0,-0.406736612,0.91354537,0,0,0,0.999999881],"shapeName":"/levels/west_coast_usa/art/shapes/buildings/s_port_ppa_fence_post.dae","useInstanceRenderData":true}
{"class":"TSStatic","persistentId":"03830ae0-d248-4b75-a1ca-326d16f6501d","__parent":"dock_barriers","position":[392.278473,1571.5697,74.7025909],"decalType":"None","isRenderEnabled":false,"rotationMatrix":[0.91354537,0.406736612,0,-0.406736612,0.91354537,0,0,0,0.999999881],"shapeName":"/levels/west_coast_usa/art/shapes/buildings/s_port_ppa_fence_bars_2m.dae","useInstanceRenderData":true}
{"class":"TSStatic","persistentId":"580a0560-07e5-4a07-8abc-9fb4baa87692","__parent":"dock_barriers","position":[390.451385,1570.75598,74.7025909],"decalType":"None","isRenderEnabled":false,"rotationMatrix":[0.91354537,0.406736612,0,-0.406736612,0.91354537,0,0,0,0.999999881],"shapeName":"/levels/west_coast_usa/art/shapes/buildings/s_port_ppa_fence_bars_2m.dae","useInstanceRenderData":true}
{"class":"TSStatic","persistentId":"37d04645-63d5-4eb1-8a48-1fec6fe72650","__parent":"dock_barriers","position":[390.451385,1570.75598,74.7025909],"decalType":"None","isRenderEnabled":false,"rotationMatrix":[0.91354537,0.406736612,0,-0.406736612,0.91354537,0,0,0,0.999999881],"shapeName":"/levels/west_coast_usa/art/shapes/buildings/s_port_ppa_fence_post.dae","useInstanceRenderData":true}
{"class":"TSStatic","persistentId":"0d7f18ad-d612-4834-9eb1-4defa6800474","__parent":"dock_barriers","position":[388.624329,1569.94263,74.7025909],"decalType":"None","isRenderEnabled":false,"rotationMatrix":[0.91354537,0.406736612,0,-0.406736612,0.91354537,0,0,0,0.999999881],"shapeName":"/levels/west_coast_usa/art/shapes/buildings/s_port_ppa_fence_bars_2m.dae","useInstanceRenderData":true}
{"class":"TSStatic","persistentId":"2eb64732-8d25-4828-8d91-a2bbbf38f48e","__parent":"dock_barriers","position":[386.797272,1569.12903,74.7025909],"decalType":"None","isRenderEnabled":false,"rotationMatrix":[0.91354537,0.406736612,0,-0.406736612,0.91354537,0,0,0,0.999999881],"shapeName":"/levels/west_coast_usa/art/shapes/buildings/s_port_ppa_fence_bars_2m.dae","useInstanceRenderData":true}
{"class":"TSStatic","persistentId":"17d8e814-e1e9-40ce-b88a-be26aec4c093","__parent":"dock_barriers","position":[386.797272,1569.12903,74.7025909],"decalType":"None","isRenderEnabled":false,"rotationMatrix":[0.91354537,0.406736612,0,-0.406736612,0.91354537,0,0,0,0.999999881],"shapeName":"/levels/west_coast_usa/art/shapes/buildings/s_port_ppa_fence_post.dae","useInstanceRenderData":true}
{"class":"TSStatic","persistentId":"5a7dbd53-5f2b-44a8-80c1-60aa3220d8d9","__parent":"dock_barriers","position":[384.970215,1568.31543,74.7025909],"decalType":"None","isRenderEnabled":false,"rotationMatrix":[0.91354537,0.406736612,0,-0.406736612,0.91354537,0,0,0,0.999999881],"shapeName":"/levels/west_coast_usa/art/shapes/buildings/s_port_ppa_fence_bars_2m.dae","useInstanceRenderData":true}
{"class":"TSStatic","persistentId":"c48ddcd9-4858-45e8-933d-c9335696948f","__parent":"dock_barriers","position":[383.143097,1567.50183,74.7025909],"decalType":"None","isRenderEnabled":false,"rotationMatrix":[0.91354537,0.406736612,0,-0.406736612,0.91354537,0,0,0,0.999999881],"shapeName":"/levels/west_coast_usa/art/shapes/buildings/s_port_ppa_fence_bars_2m.dae","useInstanceRenderData":true}
{"class":"TSStatic","persistentId":"2a985357-e639-4375-b6d0-9f604ac10222","__parent":"dock_barriers","position":[383.143097,1567.50183,74.7025909],"decalType":"None","isRenderEnabled":false,"rotationMatrix":[0.91354537,0.406736612,0,-0.406736612,0.91354537,0,0,0,0.999999881],"shapeName":"/levels/west_coast_usa/art/shapes/buildings/s_port_ppa_fence_post.dae","useInstanceRenderData":true}
{"class":"TSStatic","persistentId":"db88bb79-81bb-4c14-bebe-78dd8ada12bb","__parent":"dock_barriers","position":[381.316071,1566.68835,74.7025909],"decalType":"None","isRenderEnabled":false,"rotationMatrix":[0.91354537,0.406736612,0,-0.406736612,0.91354537,0,0,0,0.999999881],"shapeName":"/levels/west_coast_usa/art/shapes/buildings/s_port_ppa_fence_bars_2m.dae","useInstanceRenderData":true}
{"class":"TSStatic","persistentId":"1c7c1ab5-c59a-46b2-9bda-143bfe2db8f2","__parent":"dock_barriers","position":[379.488953,1565.87488,74.7025909],"decalType":"None","isRenderEnabled":false,"rotationMatrix":[0.91354537,0.406736612,0,-0.406736612,0.91354537,0,0,0,0.999999881],"shapeName":"/levels/west_coast_usa/art/shapes/buildings/s_port_ppa_fence_bars_2m.dae","useInstanceRenderData":true}
{"class":"TSStatic","persistentId":"15a914e4-a216-49df-b5a7-b1c85ba5fcad","__parent":"dock_barriers","position":[408.722015,1578.89148,74.7025909],"decalType":"None","isRenderEnabled":false,"rotationMatrix":[0.91354537,0.406736612,0,-0.406736612,0.91354537,0,0,0,0.999999881],"shapeName":"/levels/west_coast_usa/art/shapes/buildings/s_port_ppa_fence_post.dae","useInstanceRenderData":true}
{"class":"TSStatic","persistentId":"5b28ff68-3813-4517-843a-b4fdd86598bb","__parent":"dock_barriers","position":[406.894958,1578.07788,74.7025909],"decalType":"None","isRenderEnabled":false,"rotationMatrix":[0.91354537,0.406736612,0,-0.406736612,0.91354537,0,0,0,0.999999881],"shapeName":"/levels/west_coast_usa/art/shapes/buildings/s_port_ppa_fence_bars_2m.dae","useInstanceRenderData":true}
{"class":"TSStatic","persistentId":"45844288-828b-48f3-9209-921dfbdd556d","__parent":"dock_barriers","position":[405.067902,1577.26453,74.7025909],"decalType":"None","isRenderEnabled":false,"rotationMatrix":[0.91354537,0.406736612,0,-0.406736612,0.91354537,0,0,0,0.999999881],"shapeName":"/levels/west_coast_usa/art/shapes/buildings/s_port_ppa_fence_bars_2m.dae","useInstanceRenderData":true}
{"class":"TSStatic","persistentId":"f08ca91a-d78d-44c3-9b34-7d9403b541f0","__parent":"dock_barriers","position":[405.067902,1577.26453,74.7025909],"decalType":"None","isRenderEnabled":false,"rotationMatrix":[0.91354537,0.406736612,0,-0.406736612,0.91354537,0,0,0,0.999999881],"shapeName":"/levels/west_coast_usa/art/shapes/buildings/s_port_ppa_fence_post.dae","useInstanceRenderData":true}
{"class":"TSStatic","persistentId":"0db559f7-38a4-4829-bd8f-58ae5a463191","__parent":"dock_barriers","position":[403.240814,1576.45068,74.7025909],"decalType":"None","isRenderEnabled":false,"rotationMatrix":[0.91354537,0.406736612,0,-0.406736612,0.91354537,0,0,0,0.999999881],"shapeName":"/levels/west_coast_usa/art/shapes/buildings/s_port_ppa_fence_bars_2m.dae","useInstanceRenderData":true}
{"class":"TSStatic","persistentId":"c3131fe1-0abc-4e7f-a3fa-edfe60d68d99","__parent":"dock_barriers","position":[401.413757,1575.63733,74.7025909],"decalType":"None","isRenderEnabled":false,"rotationMatrix":[0.91354537,0.406736612,0,-0.406736612,0.91354537,0,0,0,0.999999881],"shapeName":"/levels/west_coast_usa/art/shapes/buildings/s_port_ppa_fence_bars_2m.dae","useInstanceRenderData":true}
{"class":"TSStatic","persistentId":"f0574f40-63a8-4d62-86ed-697db74d62f0","__parent":"dock_barriers","position":[401.413757,1575.63733,74.7025909],"decalType":"None","isRenderEnabled":false,"rotationMatrix":[0.91354537,0.406736612,0,-0.406736612,0.91354537,0,0,0,0.999999881],"shapeName":"/levels/west_coast_usa/art/shapes/buildings/s_port_ppa_fence_post.dae","useInstanceRenderData":true}
{"class":"TSStatic","persistentId":"084d2674-220d-45e8-bb56-37fff832d047","__parent":"dock_barriers","position":[399.5867,1574.82373,74.7025909],"decalType":"None","isRenderEnabled":false,"rotationMatrix":[0.91354537,0.406736612,0,-0.406736612,0.91354537,0,0,0,0.999999881],"shapeName":"/levels/west_coast_usa/art/shapes/buildings/s_port_ppa_fence_bars_2m.dae","useInstanceRenderData":true}
{"class":"TSStatic","persistentId":"fc1c0b70-8bf7-4526-a1e2-8e082c413e1c","__parent":"dock_barriers","position":[397.759644,1574.01025,74.7025909],"decalType":"None","isRenderEnabled":false,"rotationMatrix":[0.91354537,0.406736612,0,-0.406736612,0.91354537,0,0,0,0.999999881],"shapeName":"/levels/west_coast_usa/art/shapes/buildings/s_port_ppa_fence_bars_2m.dae","useInstanceRenderData":true}
{"class":"TSStatic","persistentId":"dc28e0e1-b6d8-4d07-b8d6-85b28840a212","__parent":"dock_barriers","position":[397.759644,1574.01025,74.7025909],"decalType":"None","isRenderEnabled":false,"rotationMatrix":[0.91354537,0.406736612,0,-0.406736612,0.91354537,0,0,0,0.999999881],"shapeName":"/levels/west_coast_usa/art/shapes/buildings/s_port_ppa_fence_post.dae","useInstanceRenderData":true}
{"class":"TSStatic","persistentId":"49f43dd9-1f97-4c2b-ae3d-147b43436465","__parent":"dock_barriers","position":[395.932556,1573.19666,74.7025909],"decalType":"None","isRenderEnabled":false,"rotationMatrix":[0.91354537,0.406736612,0,-0.406736612,0.91354537,0,0,0,0.999999881],"shapeName":"/levels/west_coast_usa/art/shapes/buildings/s_port_ppa_fence_bars_2m.dae","useInstanceRenderData":true}
{"class":"TSStatic","persistentId":"88b1785b-cf85-482a-8072-88ceaf8028fe","__parent":"dock_barriers","position":[394.105499,1572.38306,74.7025909],"decalType":"None","isRenderEnabled":false,"rotationMatrix":[0.91354537,0.406736612,0,-0.406736612,0.91354537,0,0,0,0.999999881],"shapeName":"/levels/west_coast_usa/art/shapes/buildings/s_port_ppa_fence_bars_2m.dae","useInstanceRenderData":true}
{"class":"TSStatic","persistentId":"2f56fcdc-7ca9-4060-aacb-787e0f930d22","__parent":"dock_barriers","position":[419.684448,1583.77258,74.7025909],"decalType":"None","isRenderEnabled":false,"rotationMatrix":[0.91354537,0.406736612,0,-0.406736612,0.91354537,0,0,0,0.999999881],"shapeName":"/levels/west_coast_usa/art/shapes/buildings/s_port_ppa_fence_post.dae","useInstanceRenderData":true}
{"class":"TSStatic","persistentId":"8955be0e-e2d3-4296-ae69-8083fb9f1803","__parent":"dock_barriers","position":[417.857361,1582.95911,74.7025909],"decalType":"None","isRenderEnabled":false,"rotationMatrix":[0.91354537,0.406736612,0,-0.406736612,0.91354537,0,0,0,0.999999881],"shapeName":"/levels/west_coast_usa/art/shapes/buildings/s_port_ppa_fence_bars_2m.dae","useInstanceRenderData":true}
{"class":"TSStatic","persistentId":"ae22073c-2a5f-4d84-ade7-5b2ff1916918","__parent":"dock_barriers","position":[416.030243,1582.14551,74.7025909],"decalType":"None","isRenderEnabled":false,"rotationMatrix":[0.91354537,0.406736612,0,-0.406736612,0.91354537,0,0,0,0.999999881],"shapeName":"/levels/west_coast_usa/art/shapes/buildings/s_port_ppa_fence_bars_2m.dae","useInstanceRenderData":true}
{"class":"TSStatic","persistentId":"540ed642-107c-45f2-9fc4-f64a2696e43a","__parent":"dock_barriers","position":[416.030243,1582.14551,74.7025909],"decalType":"None","isRenderEnabled":false,"rotationMatrix":[0.91354537,0.406736612,0,-0.406736612,0.91354537,0,0,0,0.999999881],"shapeName":"/levels/west_coast_usa/art/shapes/buildings/s_port_ppa_fence_post.dae","useInstanceRenderData":true}
{"class":"TSStatic","persistentId":"71453736-5b84-4432-b96c-daa6278a7e89","__parent":"dock_barriers","position":[414.203186,1581.33203,74.7025909],"decalType":"None","isRenderEnabled":false,"rotationMatrix":[0.91354537,0.406736612,0,-0.406736612,0.91354537,0,0,0,0.999999881],"shapeName":"/levels/west_coast_usa/art/shapes/buildings/s_port_ppa_fence_bars_2m.dae","useInstanceRenderData":true}
{"class":"TSStatic","persistentId":"0b7dbf64-41f8-498e-81fb-70f754ad3eed","__parent":"dock_barriers","position":[412.376129,1580.51855,74.7025909],"decalType":"None","isRenderEnabled":false,"rotationMatrix":[0.91354537,0.406736612,0,-0.406736612,0.91354537,0,0,0,0.999999881],"shapeName":"/levels/west_coast_usa/art/shapes/buildings/s_port_ppa_fence_bars_2m.dae","useInstanceRenderData":true}
{"class":"TSStatic","persistentId":"19573fb3-f9a2-43c4-bce4-941df8507d7c","__parent":"dock_barriers","position":[412.376129,1580.51855,74.7025909],"decalType":"None","isRenderEnabled":false,"rotationMatrix":[0.91354537,0.406736612,0,-0.406736612,0.91354537,0,0,0,0.999999881],"shapeName":"/levels/west_coast_usa/art/shapes/buildings/s_port_ppa_fence_post.dae","useInstanceRenderData":true}
{"class":"TSStatic","persistentId":"9d40d56a-d81f-4f73-9e21-b35619561413","__parent":"dock_barriers","position":[410.549042,1579.70496,74.7025909],"decalType":"None","isRenderEnabled":false,"rotationMatrix":[0.91354537,0.406736612,0,-0.406736612,0.91354537,0,0,0,0.999999881],"shapeName":"/levels/west_coast_usa/art/shapes/buildings/s_port_ppa_fence_bars_2m.dae","useInstanceRenderData":true}
{"class":"TSStatic","persistentId":"54d9f306-e310-4df6-900b-61169fd9c723","__parent":"dock_barriers","position":[408.721985,1578.89148,74.7025909],"decalType":"None","isRenderEnabled":false,"rotationMatrix":[0.91354537,0.406736612,0,-0.406736612,0.91354537,0,0,0,0.999999881],"shapeName":"/levels/west_coast_usa/art/shapes/buildings/s_port_ppa_fence_bars_2m.dae","useInstanceRenderData":true}
{"class":"TSStatic","persistentId":"2af4d07c-0585-465d-98ab-95caa81c0a73","__parent":"dock_barriers","position":[361.218323,1557.7395,74.7025909],"decalType":"None","isRenderEnabled":false,"rotationMatrix":[0.406736374,-0.913545668,0,0.913545668,0.406736374,0,0,0,1],"shapeName":"/levels/west_coast_usa/art/shapes/buildings/s_port_ppa_fence_bars_2m.dae","useInstanceRenderData":true}
{"class":"TSStatic","persistentId":"826780e0-bb45-455f-8964-319da37974ff","__parent":"dock_barriers","position":[362.031799,1555.91235,74.7025909],"decalType":"None","isRenderEnabled":false,"rotationMatrix":[0.406736374,-0.913545668,0,0.913545668,0.406736374,0,0,0,1],"shapeName":"/levels/west_coast_usa/art/shapes/buildings/s_port_ppa_fence_bars_2m.dae","useInstanceRenderData":true}
{"class":"TSStatic","persistentId":"d780db4c-0ae8-4a72-8841-5b79a56b0ad8","__parent":"dock_barriers","position":[362.845276,1554.08533,74.7025909],"decalType":"None","isRenderEnabled":false,"rotationMatrix":[0.406736374,-0.913545668,0,0.913545668,0.406736374,0,0,0,1],"shapeName":"/levels/west_coast_usa/art/shapes/buildings/s_port_ppa_fence_post.dae","useInstanceRenderData":true}
{"class":"TSStatic","persistentId":"e6b257f5-9061-4e68-ac66-47117156bca1","__parent":"dock_barriers","position":[362.845276,1554.08521,74.7025909],"decalType":"None","isRenderEnabled":false,"rotationMatrix":[0.406736374,-0.913545668,0,0.913545668,0.406736374,0,0,0,1],"shapeName":"/levels/west_coast_usa/art/shapes/buildings/s_port_ppa_fence_bars_2m.dae","useInstanceRenderData":true}
{"class":"TSStatic","persistentId":"b4f9d120-df16-472a-83c4-c8158aa987ba","__parent":"dock_barriers","position":[363.658752,1552.25818,74.7025909],"decalType":"None","isRenderEnabled":false,"rotationMatrix":[-0.913545609,-0.406736016,0,0.406736016,-0.913545609,0,0,0,1],"shapeName":"/levels/west_coast_usa/art/shapes/buildings/s_port_ppa_fence_post.dae","useInstanceRenderData":true}
{"class":"TSStatic","persistentId":"45be35c0-95a9-41b1-ac50-48f9e851d7cc","__parent":"dock_barriers","position":[360.004547,1550.63135,74.7025909],"decalType":"None","isRenderEnabled":false,"rotationMatrix":[0.91354537,0.406736612,0,-0.406736612,0.91354537,0,0,0,0.999999881],"shapeName":"/levels/west_coast_usa/art/shapes/buildings/s_port_ppa_fence_post.dae","useInstanceRenderData":true}
{"class":"TSStatic","persistentId":"432481c8-09f6-4669-beef-a04066aa500a","__parent":"dock_barriers","position":[360.004547,1550.63135,74.7025909],"decalType":"None","isRenderEnabled":false,"rotationMatrix":[0.91354537,0.406736612,0,-0.406736612,0.91354537,0,0,0,0.999999881],"shapeName":"/levels/west_coast_usa/art/shapes/buildings/s_port_ppa_fence_bars_2m.dae","useInstanceRenderData":true}
{"class":"TSStatic","persistentId":"9779a764-76a9-4401-9bd5-6e8bb7df5282","__parent":"dock_barriers","position":[361.831604,1551.44495,74.7025909],"decalType":"None","isRenderEnabled":false,"rotationMatrix":[0.91354537,0.406736612,0,-0.406736612,0.91354537,0,0,0,0.999999881],"shapeName":"/levels/west_coast_usa/art/shapes/buildings/s_port_ppa_fence_bars_2m.dae","useInstanceRenderData":true}
{"class":"TSStatic","persistentId":"bc94348d-95df-4d7b-b603-6b79fea43308","__parent":"dock_barriers","position":[356.350372,1549.00439,74.7025909],"decalType":"None","isRenderEnabled":false,"rotationMatrix":[0.91354537,0.406736612,0,-0.406736612,0.91354537,0,0,0,0.999999881],"shapeName":"/levels/west_coast_usa/art/shapes/buildings/s_port_ppa_fence_post.dae","useInstanceRenderData":true}
{"class":"TSStatic","persistentId":"2a813951-7545-4b9d-a07d-d01313fd14dd","__parent":"dock_barriers","position":[356.350372,1549.00439,74.7025909],"decalType":"None","isRenderEnabled":false,"rotationMatrix":[0.91354537,0.406736612,0,-0.406736612,0.91354537,0,0,0,0.999999881],"shapeName":"/levels/west_coast_usa/art/shapes/buildings/s_port_ppa_fence_bars_2m.dae","useInstanceRenderData":true}
{"class":"TSStatic","persistentId":"9bb29a88-671f-4993-af16-fcfd29b2be5f","__parent":"dock_barriers","position":[358.177429,1549.81799,74.7025909],"decalType":"None","isRenderEnabled":false,"rotationMatrix":[0.91354537,0.406736612,0,-0.406736612,0.91354537,0,0,0,0.999999881],"shapeName":"/levels/west_coast_usa/art/shapes/buildings/s_port_ppa_fence_bars_2m.dae","useInstanceRenderData":true}
{"class":"TSStatic","persistentId":"46fcd5a7-01c8-4e67-b10c-a7abc8db773e","__parent":"dock_barriers","position":[349.042023,1545.75049,74.7025909],"decalType":"None","isRenderEnabled":false,"rotationMatrix":[0.91354537,0.406736612,0,-0.406736612,0.91354537,0,0,0,0.999999881],"shapeName":"/levels/west_coast_usa/art/shapes/buildings/s_port_ppa_fence_post.dae","useInstanceRenderData":true}
{"class":"TSStatic","persistentId":"07a7e2a3-d102-45f8-96b9-f132b992fb19","__parent":"dock_barriers","position":[349.042023,1545.75049,74.7025909],"decalType":"None","isRenderEnabled":false,"rotationMatrix":[0.91354537,0.406736612,0,-0.406736612,0.91354537,0,0,0,0.999999881],"shapeName":"/levels/west_coast_usa/art/shapes/buildings/s_port_ppa_fence_bars_2m.dae","useInstanceRenderData":true}
{"class":"TSStatic","persistentId":"b7a327f3-5e79-43bf-8754-145fab6a2ac4","__parent":"dock_barriers","position":[350.86908,1546.56409,74.7025909],"decalType":"None","isRenderEnabled":false,"rotationMatrix":[0.91354537,0.406736612,0,-0.406736612,0.91354537,0,0,0,0.999999881],"shapeName":"/levels/west_coast_usa/art/shapes/buildings/s_port_ppa_fence_bars_2m.dae","useInstanceRenderData":true}
{"class":"TSStatic","persistentId":"74fec002-82b6-44e3-afbd-6cec2f8f1e02","__parent":"dock_barriers","position":[352.696198,1547.37744,74.7025909],"decalType":"None","isRenderEnabled":false,"rotationMatrix":[0.91354537,0.406736612,0,-0.406736612,0.91354537,0,0,0,0.999999881],"shapeName":"/levels/west_coast_usa/art/shapes/buildings/s_port_ppa_fence_post.dae","useInstanceRenderData":true}
{"class":"TSStatic","persistentId":"c52beb73-c8ea-4451-89b9-fe1eeba21ce8","__parent":"dock_barriers","position":[352.696198,1547.37744,74.7025909],"decalType":"None","isRenderEnabled":false,"rotationMatrix":[0.91354537,0.406736612,0,-0.406736612,0.91354537,0,0,0,0.999999881],"shapeName":"/levels/west_coast_usa/art/shapes/buildings/s_port_ppa_fence_bars_2m.dae","useInstanceRenderData":true}
{"class":"TSStatic","persistentId":"734cf5eb-fabc-41c9-9aac-618068066cba","__parent":"dock_barriers","position":[354.523254,1548.19104,74.7025909],"decalType":"None","isRenderEnabled":false,"rotationMatrix":[0.91354537,0.406736612,0,-0.406736612,0.91354537,0,0,0,0.999999881],"shapeName":"/levels/west_coast_usa/art/shapes/buildings/s_port_ppa_fence_bars_2m.dae","useInstanceRenderData":true}
{"class":"TSStatic","persistentId":"5109c5f8-35bd-450f-a468-7b95b6f45906","__parent":"dock_barriers","position":[334.425293,1539.24268,74.7025909],"decalType":"None","isRenderEnabled":false,"rotationMatrix":[0.91354537,0.406736612,0,-0.406736612,0.91354537,0,0,0,0.999999881],"shapeName":"/levels/west_coast_usa/art/shapes/buildings/s_port_ppa_fence_post.dae","useInstanceRenderData":true}
{"class":"TSStatic","persistentId":"5154ed74-5539-4fec-ad4d-05be4347d228","__parent":"dock_barriers","position":[334.425293,1539.24268,74.7025909],"decalType":"None","isRenderEnabled":false,"rotationMatrix":[0.91354537,0.406736612,0,-0.406736612,0.91354537,0,0,0,0.999999881],"shapeName":"/levels/west_coast_usa/art/shapes/buildings/s_port_ppa_fence_bars_2m.dae","useInstanceRenderData":true}
{"class":"TSStatic","persistentId":"84755c3c-1cc8-4533-85a9-961195b87f67","__parent":"dock_barriers","position":[336.25235,1540.05627,74.7025909],"decalType":"None","isRenderEnabled":false,"rotationMatrix":[0.91354537,0.406736612,0,-0.406736612,0.91354537,0,0,0,0.999999881],"shapeName":"/levels/west_coast_usa/art/shapes/buildings/s_port_ppa_fence_bars_2m.dae","useInstanceRenderData":true}
{"class":"TSStatic","persistentId":"c8f5f475-bf59-438d-86ee-a201d32f7e7f","__parent":"dock_barriers","position":[338.079468,1540.86963,74.7025909],"decalType":"None","isRenderEnabled":false,"rotationMatrix":[0.91354537,0.406736612,0,-0.406736612,0.91354537,0,0,0,0.999999881],"shapeName":"/levels/west_coast_usa/art/shapes/buildings/s_port_ppa_fence_post.dae","useInstanceRenderData":true}
{"class":"TSStatic","persistentId":"e751c1e4-ee2b-49ea-8e4c-5fe10c092299","__parent":"dock_barriers","position":[338.079468,1540.86963,74.7025909],"decalType":"None","isRenderEnabled":false,"rotationMatrix":[0.91354537,0.406736612,0,-0.406736612,0.91354537,0,0,0,0.999999881],"shapeName":"/levels/west_coast_usa/art/shapes/buildings/s_port_ppa_fence_bars_2m.dae","useInstanceRenderData":true}
{"class":"TSStatic","persistentId":"ac2abc70-263b-4d65-aeeb-611c60e80fda","__parent":"dock_barriers","position":[339.906525,1541.68323,74.7025909],"decalType":"None","isRenderEnabled":false,"rotationMatrix":[0.91354537,0.406736612,0,-0.406736612,0.91354537,0,0,0,0.999999881],"shapeName":"/levels/west_coast_usa/art/shapes/buildings/s_port_ppa_fence_bars_2m.dae","useInstanceRenderData":true}
{"class":"TSStatic","persistentId":"c538afad-06f1-46a0-94de-296fc72bc6e1","__parent":"dock_barriers","position":[341.733643,1542.49658,74.7025909],"decalType":"None","isRenderEnabled":false,"rotationMatrix":[0.91354537,0.406736612,0,-0.406736612,0.91354537,0,0,0,0.999999881],"shapeName":"/levels/west_coast_usa/art/shapes/buildings/s_port_ppa_fence_post.dae","useInstanceRenderData":true}
{"class":"TSStatic","persistentId":"261ca6ee-a74c-4237-b674-967b4297d4bc","__parent":"dock_barriers","position":[341.733643,1542.49658,74.7025909],"decalType":"None","isRenderEnabled":false,"rotationMatrix":[0.91354537,0.406736612,0,-0.406736612,0.91354537,0,0,0,0.999999881],"shapeName":"/levels/west_coast_usa/art/shapes/buildings/s_port_ppa_fence_bars_2m.dae","useInstanceRenderData":true}
{"class":"TSStatic","persistentId":"0f67a211-f0a2-4155-8e5f-d77dfa53d4e2","__parent":"dock_barriers","position":[343.560699,1543.31018,74.7025909],"decalType":"None","isRenderEnabled":false,"rotationMatrix":[0.91354537,0.406736612,0,-0.406736612,0.91354537,0,0,0,0.999999881],"shapeName":"/levels/west_coast_usa/art/shapes/buildings/s_port_ppa_fence_bars_2m.dae","useInstanceRenderData":true}
{"class":"TSStatic","persistentId":"61a6308a-59b9-46ee-aced-90bf92130619","__parent":"dock_barriers","position":[345.387817,1544.12354,74.7025909],"decalType":"None","isRenderEnabled":false,"rotationMatrix":[0.91354537,0.406736612,0,-0.406736612,0.91354537,0,0,0,0.999999881],"shapeName":"/levels/west_coast_usa/art/shapes/buildings/s_port_ppa_fence_post.dae","useInstanceRenderData":true}
{"class":"TSStatic","persistentId":"7945f2e3-338f-4f9b-ac45-d8cadb5a397e","__parent":"dock_barriers","position":[345.387817,1544.12354,74.7025909],"decalType":"None","isRenderEnabled":false,"rotationMatrix":[0.91354537,0.406736612,0,-0.406736612,0.91354537,0,0,0,0.999999881],"shapeName":"/levels/west_coast_usa/art/shapes/buildings/s_port_ppa_fence_bars_2m.dae","useInstanceRenderData":true}
{"class":"TSStatic","persistentId":"7589dfdc-f673-4f50-9438-42d68e3d86df","__parent":"dock_barriers","position":[347.214874,1544.93713,74.7025909],"decalType":"None","isRenderEnabled":false,"rotationMatrix":[0.91354537,0.406736612,0,-0.406736612,0.91354537,0,0,0,0.999999881],"shapeName":"/levels/west_coast_usa/art/shapes/buildings/s_port_ppa_fence_bars_2m.dae","useInstanceRenderData":true}
{"class":"TSStatic","persistentId":"296ad511-3a75-428b-b37f-1739f7217e30","__parent":"dock_barriers","position":[319.808563,1532.73486,74.7025909],"decalType":"None","isRenderEnabled":false,"rotationMatrix":[0.91354537,0.406736612,0,-0.406736612,0.91354537,0,0,0,0.999999881],"shapeName":"/levels/west_coast_usa/art/shapes/buildings/s_port_ppa_fence_post.dae","useInstanceRenderData":true}
{"class":"TSStatic","persistentId":"3a42be9f-8caa-4e05-b033-1d37dce0fe3e","__parent":"dock_barriers","position":[319.808563,1532.73486,74.7025909],"decalType":"None","isRenderEnabled":false,"rotationMatrix":[0.91354537,0.406736612,0,-0.406736612,0.91354537,0,0,0,0.999999881],"shapeName":"/levels/west_coast_usa/art/shapes/buildings/s_port_ppa_fence_bars_2m.dae","useInstanceRenderData":true}
{"class":"TSStatic","persistentId":"78c7f4f5-6507-412a-8f5e-0775bfa72e8c","__parent":"dock_barriers","position":[321.63562,1533.54846,74.7025909],"decalType":"None","isRenderEnabled":false,"rotationMatrix":[0.91354537,0.406736612,0,-0.406736612,0.91354537,0,0,0,0.999999881],"shapeName":"/levels/west_coast_usa/art/shapes/buildings/s_port_ppa_fence_bars_2m.dae","useInstanceRenderData":true}
{"class":"TSStatic","persistentId":"d1d7180e-3d85-4a3f-9991-603d9d3ed362","__parent":"dock_barriers","position":[323.462738,1534.36182,74.7025909],"decalType":"None","isRenderEnabled":false,"rotationMatrix":[0.91354537,0.406736612,0,-0.406736612,0.91354537,0,0,0,0.999999881],"shapeName":"/levels/west_coast_usa/art/shapes/buildings/s_port_ppa_fence_post.dae","useInstanceRenderData":true}
{"class":"TSStatic","persistentId":"511e4c5f-7186-4c2f-9da1-d368fe653ceb","__parent":"dock_barriers","position":[323.462738,1534.36182,74.7025909],"decalType":"None","isRenderEnabled":false,"rotationMatrix":[0.91354537,0.406736612,0,-0.406736612,0.91354537,0,0,0,0.999999881],"shapeName":"/levels/west_coast_usa/art/shapes/buildings/s_port_ppa_fence_bars_2m.dae","useInstanceRenderData":true}
{"class":"TSStatic","persistentId":"1908f0dd-5847-4357-88cd-c0e357235301","__parent":"dock_barriers","position":[325.289795,1535.17542,74.7025909],"decalType":"None","isRenderEnabled":false,"rotationMatrix":[0.91354537,0.406736612,0,-0.406736612,0.91354537,0,0,0,0.999999881],"shapeName":"/levels/west_coast_usa/art/shapes/buildings/s_port_ppa_fence_bars_2m.dae","useInstanceRenderData":true}
{"class":"TSStatic","persistentId":"815b8a22-168d-4cfc-8b59-d45f479e4cf2","__parent":"dock_barriers","position":[327.116913,1535.98877,74.7025909],"decalType":"None","isRenderEnabled":false,"rotationMatrix":[0.91354537,0.406736612,0,-0.406736612,0.91354537,0,0,0,0.999999881],"shapeName":"/levels/west_coast_usa/art/shapes/buildings/s_port_ppa_fence_post.dae","useInstanceRenderData":true}
{"class":"TSStatic","persistentId":"1a403ad8-8b16-46cc-b672-11dd3becfb66","__parent":"dock_barriers","position":[327.116913,1535.98877,74.7025909],"decalType":"None","isRenderEnabled":false,"rotationMatrix":[0.91354537,0.406736612,0,-0.406736612,0.91354537,0,0,0,0.999999881],"shapeName":"/levels/west_coast_usa/art/shapes/buildings/s_port_ppa_fence_bars_2m.dae","useInstanceRenderData":true}
{"class":"TSStatic","persistentId":"2948b72d-7ae9-4d2b-9aff-f24928610625","__parent":"dock_barriers","position":[328.94397,1536.80237,74.7025909],"decalType":"None","isRenderEnabled":false,"rotationMatrix":[0.91354537,0.406736612,0,-0.406736612,0.91354537,0,0,0,0.999999881],"shapeName":"/levels/west_coast_usa/art/shapes/buildings/s_port_ppa_fence_bars_2m.dae","useInstanceRenderData":true}
{"class":"TSStatic","persistentId":"9d54f495-2f5d-4e9d-9d50-82de2446ed16","__parent":"dock_barriers","position":[330.771088,1537.61572,74.7025909],"decalType":"None","isRenderEnabled":false,"rotationMatrix":[0.91354537,0.406736612,0,-0.406736612,0.91354537,0,0,0,0.999999881],"shapeName":"/levels/west_coast_usa/art/shapes/buildings/s_port_ppa_fence_post.dae","useInstanceRenderData":true}
{"class":"TSStatic","persistentId":"c52ffd8e-4cee-4ee8-9557-50dc3a4221d8","__parent":"dock_barriers","position":[330.771088,1537.61572,74.7025909],"decalType":"None","isRenderEnabled":false,"rotationMatrix":[0.91354537,0.406736612,0,-0.406736612,0.91354537,0,0,0,0.999999881],"shapeName":"/levels/west_coast_usa/art/shapes/buildings/s_port_ppa_fence_bars_2m.dae","useInstanceRenderData":true}
{"class":"TSStatic","persistentId":"17cff819-4d87-4b77-bed5-8a060a77e28f","__parent":"dock_barriers","position":[332.598145,1538.42932,74.7025909],"decalType":"None","isRenderEnabled":false,"rotationMatrix":[0.91354537,0.406736612,0,-0.406736612,0.91354537,0,0,0,0.999999881],"shapeName":"/levels/west_coast_usa/art/shapes/buildings/s_port_ppa_fence_bars_2m.dae","useInstanceRenderData":true}
{"class":"TSStatic","persistentId":"49985efd-05ab-45a5-b52e-bd03eb41e5de","__parent":"dock_barriers","position":[305.191833,1526.22705,74.7025909],"decalType":"None","isRenderEnabled":false,"rotationMatrix":[0.91354537,0.406736612,0,-0.406736612,0.91354537,0,0,0,0.999999881],"shapeName":"/levels/west_coast_usa/art/shapes/buildings/s_port_ppa_fence_post.dae","useInstanceRenderData":true}
