{"class":"TSStatic","persistentId":"00ccf089-15c7-479b-a669-2b72fdd3f237","__parent":"Potholes_section","position":[-15.0772905,387.940887,34.0733337],"annotation":"OBSTACLES","isRenderEnabled":false,"rotationMatrix":[-0.257288635,-0.966334701,0,0.966334701,-0.257288635,0,0,0,1],"shapeName":"/levels/industrial/art/shapes/buildings/ind_metal_scraps_c.DAE"}
{"class":"TSStatic","persistentId":"0106c910-eef4-4a99-b25e-b119a0fd97e3","__parent":"Potholes_section","position":[-179.143799,383.051575,34.6120377],"decalType":"Visible Mesh Final","isRenderEnabled":false,"rotationMatrix":[1,0,0,0,-1,0,0,0,-1],"scale":[1.29999995,1.29999995,1.29999995],"shapeName":"/levels/industrial/art/shapes/buildings/debris/debris_b_a.DAE"}
{"class":"TSStatic","persistentId":"01d24267-e519-4b37-bbb7-7b0d6e34830a","__parent":"Potholes_section","position":[67.0367584,376.344238,35.8892975],"decalType":"Visible Mesh Final","isRenderEnabled":false,"rotationMatrix":[0.707686484,-0.706342876,-0.0161126889,-0.70609206,-0.706267536,-0.0511881746,0.0247765332,0.0476022176,-0.998559058],"scale":[1.29999995,1.29999995,1.29999995],"shapeName":"/levels/industrial/art/shapes/buildings/debris/debris_b_a.DAE"}
{"class":"TSStatic","persistentId":"01f804e9-8e96-4617-8f6f-aa455fb1d807","__parent":"Potholes_section","position":[-275.047974,385.77533,33.6102409],"decalType":"Visible Mesh Final","isRenderEnabled":false,"rotationMatrix":[-0.707106888,-0.70710665,0,0.70710665,-0.707106888,0,0,0,1],"scale":[1.29999995,1.29999995,1.29999995],"shapeName":"/levels/industrial/art/shapes/buildings/debris/debris_b_a.DAE"}
{"class":"TSStatic","persistentId":"032a51a3-5f74-4ff7-866a-1da417a83b3d","__parent":"Potholes_section","position":[-240.747894,399.571533,33.9133148],"annotation":"BUILDINGS","isRenderEnabled":false,"rotationMatrix":[0.0230241027,0.999733746,0,-0.999733746,0.0230241027,0,0,0,1],"shapeName":"/levels/industrial/art/shapes/buildings/tankfarm/ind_old_shackpool.DAE"}
{"class":"TSStatic","persistentId":"03e5344e-26fe-474a-adb4-d09cd1642801","__parent":"Potholes_section","position":[-175.336899,387.57373,34.2862473],"decalType":"Visible Mesh Final","isRenderEnabled":false,"rotationMatrix":[0,-1,0,1,0,0,0,0,1],"scale":[1.29999995,1.29999995,1.29999995],"shapeName":"/levels/industrial/art/shapes/buildings/debris/debris_b_a.DAE"}
{"class":"TSStatic","persistentId":"0455cb63-8952-465a-8c18-de0a56e24eae","__parent":"Potholes_section","position":[-242.323746,389.894073,34.4883842],"annotation":"OBSTACLES","isRenderEnabled":false,"rotationMatrix":[0.947035491,0.313516289,-0.0695123971,-0.314276487,0.949332118,1.3387762e-08,0.065990299,0.0218460895,0.997581124],"shapeName":"/levels/industrial/art/shapes/buildings/industrial_clutters/pallet_stack.DAE"}
{"class":"TSStatic","persistentId":"05b4622b-f473-4ff2-ad79-8dd030fb088b","__parent":"Potholes_section","position":[6.95281792,395.175354,34.9389877],"annotation":"OBSTACLES","isRenderEnabled":false,"rotationMatrix":[-1,2.68220958e-07,0,-2.68220958e-07,-1,0,0,0,1],"shapeName":"/levels/industrial/art/shapes/buildings/ind_mesh_fence_4m_damaged.dae"}
{"class":"TSStatic","persistentId":"080dad40-8531-46b0-96f9-8d0063334854","__parent":"Potholes_section","position":[-91.1650238,380.462036,33.028019],"decalType":"Visible Mesh Final","isRenderEnabled":false,"rotationMatrix":[-0.707106709,0.707106829,0,-0.707106829,-0.707106709,0,0,0,1],"scale":[1.29999995,1.29999995,1.29999995],"shapeName":"/levels/industrial/art/shapes/buildings/debris/debris_b_a.DAE"}
{"class":"TSStatic","persistentId":"08a3c549-11b7-4a80-b2eb-d11673b56704","__parent":"Potholes_section","position":[-262.27002,387.2099,33.9082603],"decalType":"Visible Mesh Final","isRenderEnabled":false,"rotationMatrix":[-0.707106829,-0.707106709,0,-0.707106709,0.707106829,0,0,0,-1],"scale":[1.29999995,1.29999995,1.29999995],"shapeName":"/levels/industrial/art/shapes/buildings/debris/debris_b_a.DAE"}
{"class":"TSStatic","persistentId":"09e1a073-539e-4227-816f-8871def9e262","__parent":"Potholes_section","position":[-266.888672,383.622314,33.9082603],"decalType":"Visible Mesh Final","isRenderEnabled":false,"rotationMatrix":[5.96046519e-08,1,0,1,-5.96046519e-08,0,0,0,-1],"scale":[1.29999995,1.29999995,1.29999995],"shapeName":"/levels/industrial/art/shapes/buildings/debris/debris_b_a.DAE"}
{"class":"TSStatic","persistentId":"0b90f709-2d39-45bc-b2a2-d1a92ec8bd10","__parent":"Potholes_section","position":[-193.421768,385.526581,34.6654243],"decalType":"Visible Mesh Final","isRenderEnabled":false,"rotationMatrix":[-1,-1.49011626e-07,0,-1.49011626e-07,1,0,0,0,-1],"scale":[1.29999995,1.29999995,1.29999995],"shapeName":"/levels/industrial/art/shapes/buildings/debris/debris_b_a.DAE"}
{"class":"TSStatic","persistentId":"0b993271-a3e6-486d-98ce-2fbd2755b44f","__parent":"Potholes_section","position":[-253.684311,385.280975,33.6501579],"decalType":"Visible Mesh Final","isRenderEnabled":false,"rotationMatrix":[-0.707106829,-0.707106709,0,0.707106709,-0.707106829,0,0,0,1],"scale":[1.29999995,1.29999995,1.29999995],"shapeName":"/levels/industrial/art/shapes/buildings/debris/debris_b_a.DAE"}
{"class":"TSStatic","persistentId":"0cf481ac-7932-4082-b721-4ad8a1f9cfa2","__parent":"Potholes_section","position":[100.61454,365.379852,36.8527412],"decalType":"Visible Mesh Final","isRenderEnabled":false,"rotationMatrix":[-0.785410583,-0.618299782,-0.0288957264,0.616355479,-0.785524964,0.0552863888,-0.0568818413,0.0256124474,0.998052776],"scale":[1.29999995,1.29999995,1.29999995],"shapeName":"/levels/industrial/art/shapes/buildings/debris/debris_b_a.DAE"}
{"class":"TSStatic","persistentId":"0e6e381b-3bf0-4a3b-a8b3-98ccee417aeb","__parent":"Potholes_section","position":[13.2214708,379.87381,34.7288666],"decalType":"Visible Mesh Final","isRenderEnabled":false,"rotationMatrix":[-0.999567449,-0.000397017284,-0.029408142,0.000967619242,-0.999811471,-0.0193911679,-0.0293949004,-0.0194112379,0.999379396],"scale":[1.29999995,1.29999995,1.29999995],"shapeName":"/levels/industrial/art/shapes/buildings/debris/debris_b_a.DAE"}
{"class":"TSStatic","persistentId":"0f1ececc-5537-4447-98fb-868b2c61bec8","__parent":"Potholes_section","position":[20.7751007,387.904938,34.9438934],"annotation":"OBSTACLES","isRenderEnabled":false,"rotationMatrix":[-0.999999881,-3.57627869e-07,0,3.57627869e-07,-0.999999881,0,0,0,1],"shapeName":"/levels/industrial/art/shapes/buildings/industrial_clutters/drum_pallet.DAE"}
{"class":"TSStatic","persistentId":"12485ab0-26ac-42cf-8634-1cfb441ee14a","__parent":"Potholes_section","position":[-215.675858,406.657928,35.1015587],"annotation":"OBSTACLES","decalType":"None","isRenderEnabled":false,"shapeName":"/levels/industrial/art/shapes/buildings/ind_metal_scraps_b.DAE"}
{"class":"TSStatic","persistentId":"157cb615-1a34-490d-bbc8-fc956f9b8bfc","__parent":"Potholes_section","position":[26.0842648,387.821411,32.7461777],"annotation":"BUILDINGS","isRenderEnabled":false,"rotationMatrix":[-0.0155937998,-0.999877334,0,0.999877334,-0.0155937998,0,0,0,1],"shapeName":"/levels/industrial/art/shapes/buildings/ind_bld_tin_01_shed.dae"}
{"class":"TSStatic","persistentId":"162cfa64-d5dd-4b77-8c06-ce582c85d6b1","__parent":"Potholes_section","position":[-81.8708267,380.707611,33.3538094],"decalType":"Visible Mesh Final","isRenderEnabled":false,"rotationMatrix":[-1,-1.49011626e-07,0,-1.49011626e-07,1,0,0,0,-1],"scale":[1.29999995,1.29999995,1.29999995],"shapeName":"/levels/industrial/art/shapes/buildings/debris/debris_b_a.DAE"}
{"class":"TSStatic","persistentId":"181010b4-bb92-42dc-93a7-e902305c6a33","__parent":"Potholes_section","position":[-267.943207,386.931885,33.9082603],"decalType":"Visible Mesh Final","isRenderEnabled":false,"rotationMatrix":[5.96046519e-08,1,0,1,-5.96046519e-08,0,0,0,-1],"scale":[1.29999995,1.29999995,1.29999995],"shapeName":"/levels/industrial/art/shapes/buildings/debris/debris_b_a.DAE"}
{"class":"TSStatic","persistentId":"197f02f0-ef2a-459c-b50c-f2f6bee94bdc","__parent":"Potholes_section","position":[-9.21624279,395.175354,34.9389877],"annotation":"OBSTACLES","isRenderEnabled":false,"rotationMatrix":[-1,2.68220958e-07,0,-2.68220958e-07,-1,0,0,0,1],"shapeName":"/levels/industrial/art/shapes/buildings/ind_mesh_fence_4m_damaged.dae"}
{"class":"TSStatic","persistentId":"1b7141cd-d493-4c45-a9ed-8ec1ee6f13a1","__parent":"Potholes_section","position":[10.2407866,393.466553,27.3573475],"annotation":"BUILDINGS","isRenderEnabled":false,"rotationMatrix":[-0.999999881,-2.38418579e-07,0,2.38418579e-07,-0.999999881,0,0,0,1],"scale":[1.20000005,1.20000005,1.20000005],"shapeName":"/levels/industrial/art/shapes/buildings/mine_conveyor/water_tank_02.dae","useInstanceRenderData":true}
{"class":"TSStatic","persistentId":"1b9a895c-81ea-4b51-809c-06720aaf8abe","__parent":"Potholes_section","position":[91.5576172,392.720398,39.8872032],"annotation":"OBSTACLES","isRenderEnabled":false,"rotationMatrix":[0.100078329,0.0495867357,-0.993743241,-0.336846679,0.941469014,0.013055007,0.936225712,0.333432525,0.11092376],"shapeName":"/levels/industrial/art/shapes/buildings/concrete_pillard.dae"}
{"class":"TSStatic","persistentId":"1c2aee8e-507c-4cc8-b968-06bc5514609b","__parent":"Potholes_section","position":[-207.046936,385.884827,34.2473221],"decalType":"Visible Mesh Final","isRenderEnabled":false,"rotationMatrix":[-0.707106829,-0.707106709,0,0.707106709,-0.707106829,0,0,0,1],"scale":[1.29999995,1.29999995,1.29999995],"shapeName":"/levels/industrial/art/shapes/buildings/debris/debris_b_a.DAE"}
{"class":"TSStatic","persistentId":"1c2bf95d-e168-47f8-b060-1673b321d05e","__parent":"Potholes_section","position":[-107.383904,382.306641,33.1212425],"decalType":"Visible Mesh Final","isRenderEnabled":false,"rotationMatrix":[-0.70710665,-0.707106888,0,0.707106888,-0.70710665,0,0,0,1],"scale":[1.29999995,1.29999995,1.29999995],"shapeName":"/levels/industrial/art/shapes/buildings/debris/debris_b_a.DAE"}
{"class":"TSStatic","persistentId":"1c415353-f269-4792-b337-d4061af17ae9","__parent":"Potholes_section","position":[8.8404026,382.348602,35.0545578],"decalType":"Visible Mesh Final","isRenderEnabled":false,"rotationMatrix":[0.000397147,-0.999567389,-0.0294089429,-0.999908805,8.61473204e-09,-0.013503354,0.0134975137,0.0294116251,-0.999476314],"scale":[1.29999995,1.29999995,1.29999995],"shapeName":"/levels/industrial/art/shapes/buildings/debris/debris_b_a.DAE"}
{"class":"TSStatic","persistentId":"1e64b98e-02e5-4fc0-92f2-6a8cbd550ca4","__parent":"Potholes_section","position":[-223.838409,383.554413,34.0229034],"decalType":"Visible Mesh Final","isRenderEnabled":false,"rotationMatrix":[-1,0,0,0,-1,0,0,0,1],"scale":[1.29999995,1.29999995,1.29999995],"shapeName":"/levels/industrial/art/shapes/buildings/debris/debris_b_a.DAE"}
{"class":"TSStatic","persistentId":"21025527-3b66-4d2c-b0e8-c71e85145319","__parent":"Potholes_section","position":[-80.5484467,391.606445,30.2998352],"annotation":"BUILDINGS","isRenderEnabled":false,"shapeName":"/levels/industrial/art/shapes/buildings/ind_bld_tin_01_shed_b.dae"}
{"class":"TSStatic","persistentId":"21fc807e-c2cb-4995-83d8-7d2f93b0d177","__parent":"Potholes_section","position":[-109.381035,384.326416,33.4470329],"decalType":"Visible Mesh Final","isRenderEnabled":false,"rotationMatrix":[-0.70710665,-0.707106888,0,-0.707106888,0.70710665,0,0,0,-1],"scale":[1.29999995,1.29999995,1.29999995],"shapeName":"/levels/industrial/art/shapes/buildings/debris/debris_b_a.DAE"}
{"class":"TSStatic","persistentId":"227877ba-c2b5-4507-8e54-f78583b681db","__parent":"Potholes_section","position":[1.86093712,393.499878,34.9438934],"annotation":"OBSTACLES","isRenderEnabled":false,"rotationMatrix":[-1.49011612e-07,0.99999994,0,-0.99999994,-1.49011612e-07,0,0,0,1],"shapeName":"/levels/industrial/art/shapes/buildings/industrial_clutters/drum_pallet.DAE"}
{"class":"TSStatic","persistentId":"2293994a-5c06-4a25-9208-f6c7cc13bdcf","__parent":"Potholes_section","position":[-137.339539,382.099213,33.4584694],"decalType":"Visible Mesh Final","isRenderEnabled":false,"rotationMatrix":[0.99363023,0.0751210973,-0.0839986205,-0.0735738352,0.997060776,0.0213707499,0.0853571221,-0.0150545239,0.996236682],"scale":[1.29999995,1.29999995,1.29999995],"shapeName":"/levels/industrial/art/shapes/buildings/debris/debris_b_a.DAE"}
{"class":"TSStatic","persistentId":"2514fb1b-ec3d-475f-8ce7-8ef80b7eecda","__parent":"Potholes_section","position":[27.2153111,395.15448,34.9389877],"annotation":"OBSTACLES","isRenderEnabled":false,"rotationMatrix":[-1,3.57627869e-07,0,-3.57627869e-07,-1,0,0,0,1],"shapeName":"/levels/industrial/art/shapes/buildings/ind_mesh_fence_4m_damaged.dae"}
{"class":"TSStatic","persistentId":"26f3c751-01cf-4690-9df2-46ca9ee07b89","__parent":"Potholes_section","position":[14.6346178,384.532745,34.9389877],"annotation":"OBSTACLES","isRenderEnabled":false,"shapeName":"/levels/industrial/art/shapes/buildings/ind_mesh_fence_4m_damaged.dae"}
{"class":"TSStatic","persistentId":"27495cd8-102a-4288-84c7-80f649f506f5","__parent":"Potholes_section","position":[-153.368317,383.10434,33.9105682],"decalType":"Visible Mesh Final","isRenderEnabled":false,"rotationMatrix":[0.705539048,0.706362247,-0.0571581647,-0.706270576,0.707491338,0.0252578557,0.0582800992,0.0225487258,0.998045564],"scale":[1.29999995,1.29999995,1.29999995],"shapeName":"/levels/industrial/art/shapes/buildings/debris/debris_b_a.DAE"}
{"class":"TSStatic","persistentId":"2794a53c-877c-4e9c-b408-546ca9de7de7","__parent":"Potholes_section","position":[-13.3939581,382.278564,35.0426178],"decalType":"Visible Mesh Final","isRenderEnabled":false,"rotationMatrix":[-0.884879351,0.465798795,0.00449423818,0.465768278,0.884883404,-0.00642754277,-0.00697081769,-0.00359432586,-0.999969244],"scale":[1.29999995,1.29999995,1.29999995],"shapeName":"/levels/industrial/art/shapes/buildings/debris/debris_b_a.DAE"}
{"class":"TSStatic","persistentId":"27e1d01a-4794-4a88-aa83-4045a01d5a1d","__parent":"Potholes_section","position":[-15.8069859,377.668732,34.7324028],"decalType":"Visible Mesh Final","isRenderEnabled":false,"rotationMatrix":[0.939128876,-0.343524158,-0.00531274406,0.343494445,0.939136982,-0.00577010727,0.00697156554,0.00359397614,0.999969304],"scale":[1.29999995,1.29999995,1.29999995],"shapeName":"/levels/industrial/art/shapes/buildings/debris/debris_b_a.DAE"}
{"class":"TSStatic","persistentId":"2992999d-4c19-4cdc-90e4-513d7d72304f","__parent":"Potholes_section","position":[-75.5782394,396.622833,33.3660851],"annotation":"OBSTACLES","isRenderEnabled":false,"rotationMatrix":[-1.49011612e-07,0.99999994,0,-0.99999994,-1.49011612e-07,0,0,0,1],"shapeName":"/levels/industrial/art/shapes/buildings/industrial_clutters/drum_pallet.DAE"}
{"class":"TSStatic","persistentId":"2a3a98f9-e498-4239-ad6a-6da72dfc9ced","__parent":"Potholes_section","position":[-114.60466,385.178436,33.5092239],"decalType":"Visible Mesh Final","isRenderEnabled":false,"rotationMatrix":[0,-1,0,-1,0,0,0,0,-1],"scale":[1.29999995,1.29999995,1.29999995],"shapeName":"/levels/industrial/art/shapes/buildings/debris/debris_b_a.DAE"}
{"class":"TSStatic","persistentId":"2aa9c0b1-3baf-4f65-9cfa-903a7efb6f62","__parent":"Potholes_section","position":[-267.429413,394.376129,34.3923225],"annotation":"OBSTACLES","isRenderEnabled":false,"rotationMatrix":[0.48774001,0.858529568,0.15823099,-0.870358825,0.492274106,0.0118654044,-0.0677062497,-0.143505052,0.987330675],"shapeName":"/levels/industrial/art/shapes/buildings/industrial_clutters/ind_dumpster_full.DAE"}
{"class":"TSStatic","persistentId":"2c6e466c-d2c3-4075-ac44-aa80a40f87d1","__parent":"Potholes_section","position":[71.8931732,377.69458,35.7257996],"isRenderEnabled":false,"rotationMatrix":[-0.704229534,-0.709745824,-0.0179277677,0.709216714,-0.704420567,0.0283493176,-0.0327492282,0.00724973576,0.999436915],"scale":[1.29999995,1.29999995,1.29999995],"shapeName":"/levels/industrial/art/shapes/buildings/debris/debris_b_a.DAE"}
{"class":"TSStatic","persistentId":"2ca3c5b4-c431-46ee-a4a3-0f33f6343b7d","__parent":"Potholes_section","position":[-150.370743,-315.791992,37.9791603],"annotation":"OBSTACLES","decalType":"None","isRenderEnabled":false,"rotationMatrix":[-0.825967968,0.563717127,0,-0.563717127,-0.825967968,0,0,0,1],"shapeName":"/levels/industrial/art/shapes/buildings/ind_metal_scraps_a.DAE"}
{"class":"TSStatic","persistentId":"2e2780ab-c309-43d0-8826-ffb27d7b6270","__parent":"Potholes_section","position":[-250.534271,381.229858,33.9759483],"decalType":"Visible Mesh Final","isRenderEnabled":false,"rotationMatrix":[0.707106829,0.707106709,0,0.707106709,-0.707106829,0,0,0,-1],"scale":[1.29999995,1.29999995,1.29999995],"shapeName":"/levels/industrial/art/shapes/buildings/debris/debris_b_a.DAE"}
{"class":"TSStatic","persistentId":"2ef8edf5-979f-4fb6-8089-f0cd3bfd37eb","__parent":"Potholes_section","position":[-78.1578445,396.622833,33.3660851],"annotation":"OBSTACLES","isRenderEnabled":false,"rotationMatrix":[-0.130326837,0.991471112,0,-0.991471112,-0.130326837,0,0,0,1],"shapeName":"/levels/industrial/art/shapes/buildings/industrial_clutters/drum_pallet.DAE"}
{"class":"TSStatic","persistentId":"30bc4e6e-bfc3-471d-ab89-d5c5d0863632","__parent":"Potholes_section","position":[35.6205978,389.274536,35.2576904],"annotation":"BUILDINGS","isRenderEnabled":false,"rotationMatrix":[-0.432289809,0.901734114,0,-0.901734114,-0.432289809,0,0,0,1],"shapeName":"/levels/industrial/art/shapes/buildings/tankfarm/ind_small_tank.DAE","useInstanceRenderData":true}
{"class":"TSStatic","persistentId":"330881e5-671c-431c-9272-54fa6b3782d6","__parent":"Potholes_section","position":[-195.035202,383.7677,34.3561592],"decalType":"Visible Mesh Final","isRenderEnabled":false,"rotationMatrix":[0,-1,0,1,0,0,0,0,1],"scale":[1.29999995,1.29999995,1.29999995],"shapeName":"/levels/industrial/art/shapes/buildings/debris/debris_b_a.DAE"}
{"class":"TSStatic","persistentId":"335ea41e-99f2-438b-aae5-19384dc51bf9","__parent":"Potholes_section","position":[-81.0058212,396.622833,33.3660851],"annotation":"OBSTACLES","isRenderEnabled":false,"rotationMatrix":[-1.49011612e-07,0.99999994,0,-0.99999994,-1.49011612e-07,0,0,0,1],"shapeName":"/levels/industrial/art/shapes/buildings/industrial_clutters/drum_pallet.DAE"}
{"class":"TSStatic","persistentId":"347a155d-7bf3-41cb-a5e4-541c061bd48a","__parent":"Potholes_section","position":[-270.783508,386.947845,33.5824699],"decalType":"Visible Mesh Final","isRenderEnabled":false,"rotationMatrix":[5.96046519e-08,1,0,-1,5.96046519e-08,0,0,0,1],"scale":[1.29999995,1.29999995,1.29999995],"shapeName":"/levels/industrial/art/shapes/buildings/debris/debris_b_a.DAE"}
{"class":"TSStatic","persistentId":"358ecd0c-0351-414d-9003-ae4e18bf6b0e","__parent":"Potholes_section","position":[-266.033356,385.752533,33.9082603],"decalType":"Visible Mesh Final","isRenderEnabled":false,"rotationMatrix":[-0.99999994,2.68220901e-07,0,2.68220901e-07,0.99999994,0,0,0,-1],"scale":[1.29999995,1.29999995,1.29999995],"shapeName":"/levels/industrial/art/shapes/buildings/debris/debris_b_a.DAE"}
{"class":"TSStatic","persistentId":"3c19da22-e21e-400c-8bf3-a662cf6eef4e","__parent":"Potholes_section","position":[-81.8868484,377.867218,33.028019],"decalType":"Visible Mesh Final","isRenderEnabled":false,"rotationMatrix":[-1,-1.49011626e-07,0,1.49011626e-07,-1,0,0,0,1],"scale":[1.29999995,1.29999995,1.29999995],"shapeName":"/levels/industrial/art/shapes/buildings/debris/debris_b_a.DAE"}
{"class":"TSStatic","persistentId":"3d994921-3600-43cd-800d-62de1b3dff71","__parent":"Potholes_section","position":[-260.272919,385.190216,33.5824699],"decalType":"Visible Mesh Final","isRenderEnabled":false,"rotationMatrix":[-0.707106829,-0.707106709,0,0.707106709,-0.707106829,0,0,0,1],"scale":[1.29999995,1.29999995,1.29999995],"shapeName":"/levels/industrial/art/shapes/buildings/debris/debris_b_a.DAE"}
{"class":"TSStatic","persistentId":"3ed1f131-8097-42e8-930e-8d88eeb2036d","__parent":"Potholes_section","position":[-257.122864,381.139099,33.9082603],"decalType":"Visible Mesh Final","isRenderEnabled":false,"rotationMatrix":[0.707106829,0.707106709,0,0.707106709,-0.707106829,0,0,0,-1],"scale":[1.29999995,1.29999995,1.29999995],"shapeName":"/levels/industrial/art/shapes/buildings/debris/debris_b_a.DAE"}
{"class":"TSStatic","persistentId":"40e0b103-5ee1-4244-a944-e1539443f367","__parent":"Potholes_section","position":[-16.9809132,384.939453,34.3935471],"isRenderEnabled":false,"rotationMatrix":[0.0246343985,0.999647021,-0.00992227346,-0.999655306,0.0247214586,0.008742176,0.00898426026,0.00970358402,0.999911726],"shapeName":"/levels/industrial/art/shapes/buildings/power_lines/metal_pole.dae","useInstanceRenderData":true}
{"class":"TSStatic","persistentId":"4226b6f3-d0c5-48da-883e-29657b70a684","__parent":"Potholes_section","position":[23.1567326,395.175354,34.9389877],"annotation":"OBSTACLES","isRenderEnabled":false,"rotationMatrix":[-1,2.68220958e-07,0,-2.68220958e-07,-1,0,0,0,1],"shapeName":"/levels/industrial/art/shapes/buildings/ind_mesh_fence_4m_damaged.dae"}
{"class":"TSStatic","persistentId":"42c11e71-7b52-46ec-a3c8-48df5e379200","__parent":"Potholes_section","position":[-173.302414,385.905457,34.6120377],"decalType":"Visible Mesh Final","isRenderEnabled":false,"rotationMatrix":[-1,-1.49011626e-07,0,-1.49011626e-07,1,0,0,0,-1],"scale":[1.29999995,1.29999995,1.29999995],"shapeName":"/levels/industrial/art/shapes/buildings/debris/debris_b_a.DAE"}
{"class":"TSStatic","persistentId":"451a0b97-d4a7-4c13-866e-a38f2f7ce4b9","__parent":"Potholes_section","position":[-242.642761,394.529114,32.5410919],"annotation":"OBSTACLES","isRenderEnabled":false,"rotationMatrix":[-0.999174714,0.0406311378,0,-0.0406311378,-0.999174714,0,0,0,1],"shapeName":"/levels/industrial/art/shapes/buildings/industrial_clutters/ind_rack_s.DAE"}
{"class":"TSStatic","persistentId":"491b2769-b1fe-4a2a-a5f5-5e46862f35f6","__parent":"Potholes_section","position":[-154.520355,385.136078,33.9319305],"decalType":"Visible Mesh Final","isRenderEnabled":false,"rotationMatrix":[-0.705539048,-0.706362247,0.0571581647,0.706270576,-0.707491338,-0.0252578557,0.0582800992,0.0225487258,0.998045564],"scale":[1.29999995,1.29999995,1.29999995],"shapeName":"/levels/industrial/art/shapes/buildings/debris/debris_b_a.DAE"}
{"class":"TSStatic","persistentId":"4b8925f8-914a-4062-ba73-0cd3374816ef","__parent":"Potholes_section","position":[7.53366184,384.536133,34.9382172],"annotation":"OBSTACLES","isRenderEnabled":false,"shapeName":"/levels/industrial/art/shapes/buildings/ind_mesh_fence_2m.dae"}
{"class":"TSStatic","persistentId":"4c4ccdfd-1602-4724-8cf9-245ec8eb1772","__parent":"Potholes_section","position":[-254.657089,380.528442,33.5908127],"decalType":"Visible Mesh Final","isRenderEnabled":false,"rotationMatrix":[0.707106829,0.707106709,0,-0.707106709,0.707106829,0,0,0,1],"scale":[1.29999995,1.29999995,1.29999995],"shapeName":"/levels/industrial/art/shapes/buildings/debris/debris_b_a.DAE"}
{"class":"TSStatic","persistentId":"4c565709-6195-4e9d-8862-2b27b8b62070","__parent":"Potholes_section","position":[-151.354614,381.090881,34.1648865],"decalType":"Visible Mesh Final","isRenderEnabled":false,"rotationMatrix":[0.705539048,0.706362247,-0.0571581647,0.706270576,-0.707491338,-0.0252578557,-0.0582800992,-0.0225487258,-0.998045564],"scale":[1.29999995,1.29999995,1.29999995],"shapeName":"/levels/industrial/art/shapes/buildings/debris/debris_b_a.DAE"}
{"class":"TSStatic","persistentId":"4c77a969-a713-4caf-bd22-f5d6b00660b2","__parent":"Potholes_section","position":[-275.875488,387.584991,33.9082603],"decalType":"Visible Mesh Final","isRenderEnabled":false,"rotationMatrix":[-5.96046519e-08,-1,0,-1,5.96046519e-08,0,0,0,-1],"scale":[1.29999995,1.29999995,1.29999995],"shapeName":"/levels/industrial/art/shapes/buildings/debris/debris_b_a.DAE"}
{"class":"TSStatic","persistentId":"4cd2e3d2-6e00-4310-ab56-9de17bcaff30","__parent":"Potholes_section","position":[69.0358887,378.402069,35.6710205],"decalType":"Visible Mesh Final","isRenderEnabled":false,"rotationMatrix":[0.707682967,-0.706346512,-0.0161116812,0.706528544,0.707447827,0.018303493,-0.00153043191,-0.0243364293,0.999702692],"scale":[1.29999995,1.29999995,1.29999995],"shapeName":"/levels/industrial/art/shapes/buildings/debris/debris_b_a.DAE"}
{"class":"TSStatic","persistentId":"5246a85e-b4be-413c-8460-ec9c5c0cd03e","__parent":"Potholes_section","position":[155.999298,395.452759,38.6967659],"annotation":"OBSTACLES","decalType":"None","isRenderEnabled":false,"rotationMatrix":[0.38918829,0.921158195,0,-0.921158195,0.38918829,0,0,0,1],"shapeName":"/levels/industrial/art/shapes/buildings/ind_metal_scraps_a.DAE"}
{"class":"TSStatic","persistentId":"5310324c-ee74-4fc3-bd38-43258938d943","__parent":"Potholes_section","position":[39.554451,386.571503,34.9389877],"annotation":"OBSTACLES","isRenderEnabled":false,"rotationMatrix":[-1.49011612e-07,0.99999994,0,-0.99999994,-1.49011612e-07,0,0,0,1],"shapeName":"/levels/industrial/art/shapes/buildings/ind_mesh_fence_4m_damaged.dae"}
{"class":"TSStatic","persistentId":"54251fa5-fff2-4369-a272-93bbee7eeac9","__parent":"Potholes_section","position":[-259.120026,383.158813,33.5824699],"decalType":"Visible Mesh Final","isRenderEnabled":false,"rotationMatrix":[0.707106829,0.707106709,0,-0.707106709,0.707106829,0,0,0,1],"scale":[1.29999995,1.29999995,1.29999995],"shapeName":"/levels/industrial/art/shapes/buildings/debris/debris_b_a.DAE"}
{"class":"TSStatic","persistentId":"56468121-f855-4d0d-bb5d-ef1a51fd68ab","__parent":"Potholes_section","position":[15.1765881,385.860718,34.9438934],"annotation":"OBSTACLES","isRenderEnabled":false,"rotationMatrix":[-0.352926373,0.935650706,0,-0.935650706,-0.352926373,0,0,0,1],"shapeName":"/levels/industrial/art/shapes/buildings/industrial_clutters/drum_pallet.DAE"}
{"class":"TSStatic","persistentId":"57b4123f-7d3d-47af-a9bf-0ad61cbc68ae","__parent":"Potholes_section","position":[10.5859728,384.532745,34.9389877],"annotation":"OBSTACLES","isRenderEnabled":false,"shapeName":"/levels/industrial/art/shapes/buildings/ind_mesh_fence_4m_damaged.dae"}
{"class":"TSStatic","persistentId":"5c16f5a7-e39d-4cbb-b461-467bbf92a87e","__parent":"Potholes_section","position":[-255.681427,387.300659,33.9759483],"isRenderEnabled":false,"rotationMatrix":[-0.707106829,-0.707106709,0,-0.707106709,0.707106829,0,0,0,-1],"scale":[1.29999995,1.29999995,1.29999995],"shapeName":"/levels/industrial/art/shapes/buildings/debris/debris_b_a.DAE"}
{"class":"TSStatic","persistentId":"5e0210ec-27e3-4f7e-9118-dba68e608720","__parent":"Potholes_section","position":[73.537056,376.019348,35.8107338],"decalType":"Visible Mesh Final","isRenderEnabled":false,"rotationMatrix":[0.737374067,0.675441384,0.00761975348,-0.675032735,0.737247765,-0.0282499846,-0.0246986281,0.015687244,0.999571621],"scale":[1.29999995,1.29999995,1.29999995],"shapeName":"/levels/industrial/art/shapes/buildings/debris/debris_b_a.DAE"}
{"class":"TSStatic","persistentId":"5ec86670-032a-4c2f-a9c0-e0ef60c895d0","__parent":"Potholes_section","position":[-229.726974,383.554382,34.3523216],"decalType":"Visible Mesh Final","isRenderEnabled":false,"rotationMatrix":[1,2.6822093e-07,0,2.6822093e-07,-1,0,0,0,-1],"scale":[1.29999995,1.29999995,1.29999995],"shapeName":"/levels/industrial/art/shapes/buildings/debris/debris_b_a.DAE"}
{"class":"TSStatic","persistentId":"606d7f74-818f-46f6-9ca5-317c8e68a3d0","__parent":"Potholes_section","position":[103.904015,365.755768,36.8942451],"decalType":"Visible Mesh Final","isRenderEnabled":false,"rotationMatrix":[-0.258180588,-0.96553278,0.0329912566,0.965839505,-0.257174402,0.0318537392,-0.0222712699,0.0400882252,0.998947859],"scale":[1.29999995,1.29999995,1.29999995],"shapeName":"/levels/industrial/art/shapes/buildings/debris/debris_b_a.DAE"}
{"class":"TSStatic","persistentId":"60b56c8d-1a64-44a3-bcdc-683f1cf12adf","__parent":"Potholes_section","position":[-206.572754,383.977173,34.5731125],"decalType":"Visible Mesh Final","isRenderEnabled":false,"rotationMatrix":[-0.707106709,0.707106829,0,0.707106829,0.707106709,0,0,0,-1],"scale":[1.29999995,1.29999995,1.29999995],"shapeName":"/levels/industrial/art/shapes/buildings/debris/debris_b_a.DAE"}
{"class":"TSStatic","persistentId":"618efe4c-73c2-4bf3-8792-a20e3e552e02","__parent":"Potholes_section","position":[-30.2490101,380.626434,34.65448],"decalType":"Visible Mesh Final","isRenderEnabled":false,"rotationMatrix":[-1,-1.48536628e-07,-4.89214846e-09,1.48617247e-07,-0.999458611,-0.0329035074,-2.12118864e-12,-0.0329035074,0.999458611],"scale":[1.29999995,1.29999995,1.29999995],"shapeName":"/levels/industrial/art/shapes/buildings/debris/debris_b_a.DAE"}
{"class":"TSStatic","persistentId":"61b39a77-4746-46bb-a283-4b720205f975","__parent":"Potholes_section","position":[-177.756241,381.409058,34.592392],"decalType":"Visible Mesh Final","isRenderEnabled":false,"rotationMatrix":[0.000237281463,-0.999433935,-0.0336357951,-0.999944866,0.000115579765,-0.0104882931,0.0104862545,0.0336364359,-0.999379039],"scale":[1.29999995,1.29999995,1.29999995],"shapeName":"/levels/industrial/art/shapes/buildings/debris/debris_b_a.DAE"}
{"class":"TSStatic","persistentId":"63f7d6b6-777e-4377-a58d-1247b2fbcdfe","__parent":"Potholes_section","position":[103.26239,360.915314,37.4229584],"decalType":"Visible Mesh Final","isRenderEnabled":false,"rotationMatrix":[0.862823546,0.50537014,0.0118208751,0.504423857,-0.862268686,0.0453239717,0.0330981053,-0.0331439003,-0.998902321],"scale":[1.29999995,1.29999995,1.29999995],"shapeName":"/levels/industrial/art/shapes/buildings/debris/debris_b_a.DAE"}
{"class":"TSStatic","persistentId":"64a9f310-6edb-4e43-97a8-0ba412a1a3a8","__parent":"Potholes_section","position":[-224.852036,381.870209,34.3486938],"decalType":"Visible Mesh Final","isRenderEnabled":false,"rotationMatrix":[0,1,0,1,0,0,0,0,-1],"scale":[1.29999995,1.29999995,1.29999995],"shapeName":"/levels/industrial/art/shapes/buildings/debris/debris_b_a.DAE"}
{"class":"TSStatic","persistentId":"6521fb09-8c32-4c67-8bb3-14c9fc4101f1","__parent":"Potholes_section","position":[6.93182278,393.466553,27.3573475],"annotation":"BUILDINGS","isRenderEnabled":false,"rotationMatrix":[4.17232513e-07,-1,0,1,4.17232513e-07,0,0,0,1],"scale":[1.20000005,1.20000005,1.20000005],"shapeName":"/levels/industrial/art/shapes/buildings/mine_conveyor/water_tank_02.dae","useInstanceRenderData":true}
{"class":"TSStatic","persistentId":"6771fa2b-b076-43b1-ac1c-e6b6a675925f","__parent":"Potholes_section","position":[-179.190964,385.905457,34.2862473],"decalType":"Visible Mesh Final","isRenderEnabled":false,"scale":[1.29999995,1.29999995,1.29999995],"shapeName":"/levels/industrial/art/shapes/buildings/debris/debris_b_a.DAE"}
{"class":"TSStatic","persistentId":"6b01d13a-77bc-426e-a566-86fefff08def","__parent":"Potholes_section","position":[157.458618,397.488831,38.7965813],"annotation":"OBSTACLES","decalType":"None","isRenderEnabled":false,"shapeName":"/levels/industrial/art/shapes/buildings/ind_metal_scraps_b.DAE"}
{"class":"TSStatic","persistentId":"6c311f2c-8721-46d8-8c21-612d144aaa72","__parent":"Potholes_section","position":[-17.1342125,384.536133,34.9382172],"annotation":"OBSTACLES","isRenderEnabled":false,"shapeName":"/levels/industrial/art/shapes/buildings/ind_mesh_fence_2m.dae"}
{"class":"TSStatic","persistentId":"7076ed1b-87ed-49cc-991b-682f3e4d95d2","__parent":"Potholes_section","position":[-13.2710094,395.15448,34.9389877],"annotation":"OBSTACLES","isRenderEnabled":false,"rotationMatrix":[-1,3.57627869e-07,0,-3.57627869e-07,-1,0,0,0,1],"shapeName":"/levels/industrial/art/shapes/buildings/ind_mesh_fence_4m_damaged.dae"}
{"class":"TSStatic","persistentId":"738d7bc2-6319-4aa1-b717-db767cf4a457","__parent":"Potholes_section","position":[-0.718671799,393.499878,34.9438934],"annotation":"OBSTACLES","isRenderEnabled":false,"rotationMatrix":[-1.49011612e-07,0.99999994,0,-0.99999994,-1.49011612e-07,0,0,0,1],"shapeName":"/levels/industrial/art/shapes/buildings/industrial_clutters/drum_pallet.DAE"}
{"class":"TSStatic","persistentId":"7660cf94-6029-4ccf-8e79-c533a7ce31e9","__parent":"Potholes_section","position":[-20.2820015,377.76535,35.054306],"decalType":"Visible Mesh Final","isRenderEnabled":false,"rotationMatrix":[0.937996268,-0.346616328,0.00449424982,-0.346585602,-0.937996447,-0.00642750645,0.00644346885,0.00447133416,-0.999969304],"scale":[1.29999995,1.29999995,1.29999995],"shapeName":"/levels/industrial/art/shapes/buildings/debris/debris_b_a.DAE"}
{"class":"TSStatic","persistentId":"79748c02-fab6-4f88-8f52-70246974dfb7","__parent":"Potholes_section","position":[101.96907,366.997528,37.1374054],"decalType":"Visible Mesh Final","isRenderEnabled":false,"rotationMatrix":[-0.250402242,-0.967835605,0.024354659,-0.968111753,0.250115901,-0.0142113371,0.00766275497,-0.0271365829,-0.999602139],"scale":[1.29999995,1.29999995,1.29999995],"shapeName":"/levels/industrial/art/shapes/buildings/debris/debris_b_a.DAE"}
{"class":"TSStatic","persistentId":"7a536b64-248a-4bc4-9a7f-dec5b9e1fc4a","__parent":"Potholes_section","position":[90.6741104,392.390167,39.8123016],"annotation":"OBSTACLES","isRenderEnabled":false,"rotationMatrix":[-0.0579926185,-0.0157972574,0.998192012,-0.325956762,0.945376337,-0.00397592178,-0.94360429,-0.325598031,-0.0599740706],"shapeName":"/levels/industrial/art/shapes/buildings/concrete_pillard.dae"}
{"class":"TSStatic","persistentId":"7ae774f6-4b01-4c92-9f5b-8b65415a105b","__parent":"Potholes_section","position":[-71.2680588,393.798187,33.3225517],"annotation":"OBSTACLES","decalType":"None","isRenderEnabled":false,"rotationMatrix":[0.389188409,0.921158075,0,-0.921158075,0.389188409,0,0,0,1],"shapeName":"/levels/industrial/art/shapes/buildings/ind_metal_scraps_a.DAE"}
{"class":"TSStatic","persistentId":"7c9c851f-9c5c-475f-b027-aca20ddc70ee","__parent":"Potholes_section","position":[-210.970795,404.737305,35.0230179],"annotation":"OBSTACLES","decalType":"None","isRenderEnabled":false,"rotationMatrix":[-0.129855841,0.991532445,0,-0.991532505,-0.129855886,0,0,0,1],"shapeName":"/levels/industrial/art/shapes/buildings/ind_metal_scraps_a.DAE"}
{"class":"TSStatic","persistentId":"7d16340c-dd25-406d-b0c3-bd436227b8d5","__parent":"Potholes_section","position":[-18.2180061,386.506683,34.9389877],"annotation":"OBSTACLES","isRenderEnabled":false,"rotationMatrix":[-1.49011612e-07,-0.99999994,0,0.99999994,-1.49011612e-07,0,0,0,1],"shapeName":"/levels/industrial/art/shapes/buildings/ind_mesh_fence_4m_damaged.dae"}
{"class":"TSStatic","persistentId":"7f2483ce-6115-46e9-86ad-7f14776a1479","__parent":"Potholes_section","position":[-95.0427856,377.341248,33.365284],"decalType":"Visible Mesh Final","isRenderEnabled":false,"rotationMatrix":[0.707106769,-0.707106888,0,-0.707106888,-0.707106769,0,0,0,-1],"scale":[1.29999995,1.29999995,1.29999995],"shapeName":"/levels/industrial/art/shapes/buildings/debris/debris_b_a.DAE"}
{"class":"TSStatic","persistentId":"7fa90821-6808-4fa7-811a-93119bc2c460","__parent":"Potholes_section","position":[34.7647209,395.175354,34.9389877],"annotation":"OBSTACLES","isRenderEnabled":false,"rotationMatrix":[-1,2.68220958e-07,0,-2.68220958e-07,-1,0,0,0,1],"shapeName":"/levels/industrial/art/shapes/buildings/ind_mesh_fence_4m_damaged.dae"}
{"class":"TSStatic","persistentId":"8493b6db-e7d5-470c-a5d6-0ba6cb09d25d","__parent":"Potholes_section","position":[72.9340057,374.372559,36.1100883],"isRenderEnabled":false,"rotationMatrix":[0.00106865622,0.99992609,-0.0120998072,0.998420894,-0.000387260749,0.056178242,0.0561694615,-0.0121407341,-0.9983477],"scale":[1.29999995,1.29999995,1.29999995],"shapeName":"/levels/industrial/art/shapes/buildings/debris/debris_b_a.DAE"}
{"class":"TSStatic","persistentId":"85994290-ed9f-4ccc-b346-8d0d0ba80be0","__parent":"Potholes_section","position":[-228.113556,385.313293,34.0368271],"decalType":"Visible Mesh Final","isRenderEnabled":false,"rotationMatrix":[0,1,0,-1,0,0,0,0,1],"scale":[1.29999995,1.29999995,1.29999995],"shapeName":"/levels/industrial/art/shapes/buildings/debris/debris_b_a.DAE"}
{"class":"TSStatic","persistentId":"88f26db7-3d45-4d09-907f-eb603d52e6d2","__parent":"Potholes_section","position":[10.9987936,395.15448,34.9389877],"annotation":"OBSTACLES","isRenderEnabled":false,"rotationMatrix":[-1,3.57627869e-07,0,-3.57627869e-07,-1,0,0,0,1],"shapeName":"/levels/industrial/art/shapes/buildings/ind_mesh_fence_4m_damaged.dae"}
{"class":"TSStatic","persistentId":"89c197e7-5d94-4092-8b5a-dffbf4eb9d00","__parent":"Potholes_section","position":[-212.280792,405.250092,34.9825745],"annotation":"OBSTACLES","decalType":"None","isRenderEnabled":false,"rotationMatrix":[0.174950063,-0.984577477,0,0.984577477,0.174950063,0,0,0,1],"shapeName":"/levels/industrial/art/shapes/buildings/ind_metal_scraps_b.DAE"}
{"class":"TSStatic","persistentId":"8b614f00-52a4-4750-a9bf-24513bcb04b5","__parent":"Potholes_section","position":[-197.875595,383.78363,34.6819496],"decalType":"Visible Mesh Final","isRenderEnabled":false,"rotationMatrix":[0,-1,0,-1,0,0,0,0,-1],"scale":[1.29999995,1.29999995,1.29999995],"shapeName":"/levels/industrial/art/shapes/buildings/debris/debris_b_a.DAE"}
{"class":"TSStatic","persistentId":"8dd39cc2-3029-435c-8cdf-511a208bc048","__parent":"Potholes_section","position":[-265.222565,392.693604,34.158741],"annotation":"OBSTACLES","isRenderEnabled":false,"rotationMatrix":[0.488160729,0.864473581,0.119933985,-0.870323598,0.492430031,-0.00696045998,-0.065076232,-0.100983642,0.99275738],"shapeName":"/levels/industrial/art/shapes/buildings/industrial_clutters/ind_dumpster_full.DAE"}
{"class":"TSStatic","persistentId":"8ebd1c1b-4f9a-443d-abf4-fcc9db7b1150","__parent":"Potholes_section","position":[-10.0332546,384.532745,34.9389877],"annotation":"OBSTACLES","isRenderEnabled":false,"shapeName":"/levels/industrial/art/shapes/buildings/ind_mesh_fence_4m_damaged.dae"}
{"class":"TSStatic","persistentId":"8f028af4-5bd6-4fd8-8038-808a012d255a","__parent":"Potholes_section","position":[-152.077988,-313.958893,38.0789795],"annotation":"OBSTACLES","decalType":"None","isRenderEnabled":false,"rotationMatrix":[0.197815791,0.980239272,0,-0.980239272,0.197815791,0,0,0,1],"shapeName":"/levels/industrial/art/shapes/buildings/ind_metal_scraps_b.DAE"}
{"class":"TSStatic","persistentId":"8fbfa0a9-acc9-4bb0-9694-3880156f5c63","__parent":"Potholes_section","position":[-42.4469681,380.934845,33.5786476],"decalType":"Visible Mesh Final","isRenderEnabled":false,"rotationMatrix":[-0.996396422,-1.49114541e-07,-0.0848193988,0.00279106433,-0.999458551,-0.0327856354,-0.0847734511,-0.0329042189,0.995856822],"scale":[1.29999995,1.29999995,1.29999995],"shapeName":"/levels/industrial/art/shapes/buildings/debris/debris_b_a.DAE"}
{"class":"TSStatic","persistentId":"8fdc8dbb-041e-4c27-8c57-10c595e6fdc2","__parent":"Potholes_section","position":[33.4771118,384.532745,34.9389877],"annotation":"OBSTACLES","isRenderEnabled":false,"shapeName":"/levels/industrial/art/shapes/buildings/ind_mesh_fence_4m_damaged.dae"}
{"class":"TSStatic","persistentId":"904146ec-695d-4805-a5a5-8846db064b21","__parent":"Potholes_section","position":[-9.05506134,389.438019,35.1062088],"annotation":"BUILDINGS","isRenderEnabled":false,"rotationMatrix":[-0.0243466347,-0.999702513,0,0.999702513,-0.0243466347,0,0,0,1],"shapeName":"/levels/industrial/art/shapes/buildings/ind_bld_05.dae"}
{"class":"TSStatic","persistentId":"92fbc6cf-cbea-4e6a-acef-03b65d71c229","__parent":"Potholes_section","position":[-250.185333,389.844421,34.4177132],"isRenderEnabled":false,"rotationMatrix":[0.176917762,0.980724096,0.0829420164,-0.984217823,0.176607043,0.0111285653,-0.00373416906,-0.0836017728,0.996491253],"shapeName":"/levels/industrial/art/shapes/buildings/power_lines/metal_pole.dae","useInstanceRenderData":true}
{"class":"TSStatic","persistentId":"936460b8-bf9c-414c-9623-bb3447addd89","__parent":"Potholes_section","position":[-30.2706394,378.279297,34.6253929],"decalType":"Visible Mesh Final","isRenderEnabled":false,"rotationMatrix":[0.991051972,0.133478224,0,-0.133478224,0.991051972,0,0,0,1],"scale":[1.29999995,1.29999995,1.29999995],"shapeName":"/levels/industrial/art/shapes/buildings/debris/debris_b_a.DAE"}
