{"class":"TSStatic","persistentId":"24409f0d-4880-413e-b4bc-41769d9b9027","__parent":"quarrySide_fence","position":[808.767578,-553.943176,165.266647],"isRenderEnabled":false,"rotationMatrix":[-0.0435222387,0.999052346,0,-0.999052346,-0.0435222387,0,0,0,1],"shapeName":"/levels/west_coast_usa/art/shapes/objects/s_chainlink_old.dae","useInstanceRenderData":true}
{"class":"TSStatic","persistentId":"f9ea8836-8503-4fbd-bef8-e4623fef4a3d","__parent":"quarrySide_fence","position":[808.688538,-551.875916,165.269348],"isRenderEnabled":false,"rotationMatrix":[-0.0435222387,0.999052346,0,-0.999052346,-0.0435222387,0,0,0,1],"shapeName":"/levels/west_coast_usa/art/shapes/objects/s_chainlink_old.dae","useInstanceRenderData":true}
{"class":"TSStatic","persistentId":"7b59dc16-6cc3-4d71-b926-166fc0e4561b","__parent":"quarrySide_fence","position":[808.529907,-547.732544,165.264954],"isRenderEnabled":false,"rotationMatrix":[-0.0435222387,0.999052346,0,-0.999052346,-0.0435222387,0,0,0,1],"shapeName":"/levels/west_coast_usa/art/shapes/objects/s_chainlink_old.dae","useInstanceRenderData":true}
{"class":"TSStatic","persistentId":"8ca4f852-f4d3-4630-b2b9-f044b740d468","__parent":"quarrySide_fence","position":[808.608948,-549.804626,165.264954],"isRenderEnabled":false,"rotationMatrix":[-0.0435222387,0.999052346,0,-0.999052346,-0.0435222387,0,0,0,1],"shapeName":"/levels/west_coast_usa/art/shapes/objects/s_chainlink_old.dae","useInstanceRenderData":true}
{"class":"TSStatic","persistentId":"9df003c2-c51d-4b3d-861d-f1e21347c149","__parent":"quarrySide_fence","position":[808.442078,-545.667725,165.264954],"isRenderEnabled":false,"rotationMatrix":[-0.0435038805,0.999052346,0.00125391595,-0.998637617,-0.0435220003,0.0287836995,0.0288110003,0,0.999584854],"shapeName":"/levels/west_coast_usa/art/shapes/objects/s_chainlink_old.dae","useInstanceRenderData":true}
{"class":"TSStatic","persistentId":"640fed24-3eaa-4347-adc5-917597577efc","__parent":"quarrySide_fence","position":[808.363037,-543.59082,165.264954],"isRenderEnabled":false,"rotationMatrix":[-0.0434049368,0.999052346,0.0031898059,-0.996365488,-0.0435220003,0.0732221454,0.0732915998,-3.7252903e-09,0.997310579],"shapeName":"/levels/west_coast_usa/art/shapes/objects/s_chainlink_old.dae","useInstanceRenderData":true}
{"class":"TSStatic","persistentId":"f1316929-9e10-4223-b5c7-0e8be42db74a","__parent":"quarrySide_fence","position":[808.383728,-541.528931,165.264954],"isRenderEnabled":false,"rotationMatrix":[0.00424098969,0.999990761,-0.000541709363,-0.991931021,0.00427544117,0.126705438,0.1267066,7.4505806e-09,0.99194026],"shapeName":"/levels/west_coast_usa/art/shapes/objects/s_chainlink_old.dae","useInstanceRenderData":true}
{"class":"TSStatic","persistentId":"f4cecefd-1aa7-429d-ac95-a323562a6026","__parent":"quarrySide_fence","position":[808.402649,-539.479797,165.264954],"isRenderEnabled":false,"rotationMatrix":[0.00427538157,0.999991,0,-0.999991,0.00427538157,0,0,0,1],"shapeName":"/levels/west_coast_usa/art/shapes/objects/s_chainlink_old.dae","useInstanceRenderData":true}
{"class":"TSStatic","persistentId":"7555463b-7a4d-4e17-892e-7ac70ed870e5","__parent":"quarrySide_fence","position":[808.337402,-535.34552,165.264954],"isRenderEnabled":false,"rotationMatrix":[0.00427538157,0.999991,0,-0.999991,0.00427538157,0,0,0,1],"shapeName":"/levels/west_coast_usa/art/shapes/objects/s_chainlink_old.dae","useInstanceRenderData":true}
{"class":"TSStatic","persistentId":"507a7cd6-10e9-4e02-91d4-41b270626e84","__parent":"quarrySide_fence","position":[808.356323,-533.296387,165.264954],"isRenderEnabled":false,"rotationMatrix":[0.00427538157,0.999991,0,-0.999991,0.00427538157,0,0,0,1],"shapeName":"/levels/west_coast_usa/art/shapes/objects/s_chainlink_old.dae","useInstanceRenderData":true}
{"class":"TSStatic","persistentId":"2cc7499e-d5a3-4fe9-9bc9-38d3060bf212","__parent":"quarrySide_fence","position":[808.316711,-537.40741,165.264954],"isRenderEnabled":false,"rotationMatrix":[-0.0435222387,0.999052346,0,-0.999052346,-0.0435222387,0,0,0,1],"shapeName":"/levels/west_coast_usa/art/shapes/objects/s_chainlink_old.dae","useInstanceRenderData":true}
{"class":"TSStatic","persistentId":"4d78e33a-f129-4864-b01d-1057bc0736f8","__parent":"quarrySide_fence","position":[808.323792,-525.021912,165.264954],"isRenderEnabled":false,"rotationMatrix":[0.00427538157,0.999991,0,-0.999991,0.00427538157,0,0,0,1],"shapeName":"/levels/west_coast_usa/art/shapes/objects/s_chainlink_old.dae","useInstanceRenderData":true}
{"class":"TSStatic","persistentId":"cb1bf87c-96b1-4389-b3d8-6130d752460a","__parent":"quarrySide_fence","position":[808.304871,-527.071045,165.264954],"isRenderEnabled":false,"rotationMatrix":[0.00427538157,0.999991,0,-0.999991,0.00427538157,0,0,0,1],"shapeName":"/levels/west_coast_usa/art/shapes/objects/s_chainlink_old.dae","useInstanceRenderData":true}
{"class":"TSStatic","persistentId":"973418f2-0e0b-48a9-97fe-425645acf4f5","__parent":"quarrySide_fence","position":[808.28418,-529.132935,165.264954],"isRenderEnabled":false,"rotationMatrix":[-0.0435222387,0.999052346,0,-0.999052346,-0.0435222387,0,0,0,1],"shapeName":"/levels/west_coast_usa/art/shapes/objects/s_chainlink_old.dae","useInstanceRenderData":true}
{"class":"TSStatic","persistentId":"daa3c4f7-0dfa-4f55-990c-d7f6e8699974","__parent":"quarrySide_fence","position":[808.370117,-531.205322,165.264954],"isRenderEnabled":false,"rotationMatrix":[0.00427132845,0.99999088,0.000184236094,-0.999061882,0.00427532196,-0.0430929512,-0.0430933461,-1.86264515e-09,0.999071062],"shapeName":"/levels/west_coast_usa/art/shapes/objects/s_chainlink_old.dae","useInstanceRenderData":true}
{"class":"TSStatic","persistentId":"d11a7999-eb3c-494e-be69-34ca6f1d4aef","__parent":"quarrySide_fence","position":[808.258362,-510.52771,165.264954],"isRenderEnabled":false,"rotationMatrix":[0.00427538157,0.999991,0,-0.999991,0.00427538157,0,0,0,1],"shapeName":"/levels/west_coast_usa/art/shapes/objects/s_chainlink_old.dae","useInstanceRenderData":true}
{"class":"TSStatic","persistentId":"9778bd9f-d7b1-4e5e-a658-877f1ced3d62","__parent":"quarrySide_fence","position":[808.239441,-512.576843,165.264954],"isRenderEnabled":false,"rotationMatrix":[0.00427538157,0.999991,0,-0.999991,0.00427538157,0,0,0,1],"shapeName":"/levels/west_coast_usa/art/shapes/objects/s_chainlink_old.dae","useInstanceRenderData":true}
{"class":"TSStatic","persistentId":"ac8e7fdf-e173-4a72-80a2-a47b1cc7d78c","__parent":"quarrySide_fence","position":[808.21875,-514.638733,165.264954],"isRenderEnabled":false,"rotationMatrix":[-0.0435222387,0.999052346,0,-0.999052346,-0.0435222387,0,0,0,1],"shapeName":"/levels/west_coast_usa/art/shapes/objects/s_chainlink_old.dae","useInstanceRenderData":true}
{"class":"TSStatic","persistentId":"64c325a0-3669-4737-b3fe-92ea862666ea","__parent":"quarrySide_fence","position":[808.304688,-516.711121,165.264954],"isRenderEnabled":false,"rotationMatrix":[0.00427538157,0.999991,0,-0.999991,0.00427538157,0,0,0,1],"shapeName":"/levels/west_coast_usa/art/shapes/objects/s_chainlink_old.dae","useInstanceRenderData":true}
{"class":"TSStatic","persistentId":"8bc97569-36fb-4a9c-a3d8-b7f9e04d86d3","__parent":"quarrySide_fence","position":[808.290894,-518.802185,165.264954],"isRenderEnabled":false,"rotationMatrix":[0.00427538157,0.999991,0,-0.999991,0.00427538157,0,0,0,1],"shapeName":"/levels/west_coast_usa/art/shapes/objects/s_chainlink_old.dae","useInstanceRenderData":true}
{"class":"TSStatic","persistentId":"3b8e6f5e-8f99-4060-beff-feb7da13b1b2","__parent":"quarrySide_fence","position":[808.271973,-520.851318,165.264954],"isRenderEnabled":false,"rotationMatrix":[0.00427538157,0.999991,0,-0.999991,0.00427538157,0,0,0,1],"shapeName":"/levels/west_coast_usa/art/shapes/objects/s_chainlink_old.dae","useInstanceRenderData":true}
{"class":"TSStatic","persistentId":"9f706831-ccbe-4c12-bdfa-d4754484526b","__parent":"quarrySide_fence","position":[808.251282,-522.913208,165.264954],"isRenderEnabled":false,"rotationMatrix":[-0.0435222387,0.999052346,0,-0.999052346,-0.0435222387,0,0,0,1],"shapeName":"/levels/west_coast_usa/art/shapes/objects/s_chainlink_old.dae","useInstanceRenderData":true}
{"class":"TSStatic","persistentId":"197d9ae4-26f8-4676-b6f3-8729f0ddb099","__parent":"quarrySide_fence","position":[812.015076,-501.253265,165.264954],"isRenderEnabled":false,"rotationMatrix":[0.719003677,0.695006251,0,-0.695006251,0.719003677,0,0,0,1],"shapeName":"/levels/west_coast_usa/art/shapes/objects/s_chainlink_old.dae","useInstanceRenderData":true}
{"class":"TSStatic","persistentId":"fc8f8769-6319-4b2b-a70f-d2c82c8de3be","__parent":"quarrySide_fence","position":[810.530762,-502.709991,165.264954],"isRenderEnabled":false,"rotationMatrix":[0.534804463,0.844975829,0,-0.844975829,0.534804463,0,0,0,1],"shapeName":"/levels/west_coast_usa/art/shapes/objects/s_chainlink_old.dae","useInstanceRenderData":true}
{"class":"TSStatic","persistentId":"95fc4cb4-3959-4174-b9e5-d520a5e7d5cd","__parent":"quarrySide_fence","position":[814.979797,-498.300964,165.264954],"isRenderEnabled":false,"rotationMatrix":[0.719003677,0.695006251,0,-0.695006251,0.719003677,0,0,0,1],"shapeName":"/levels/west_coast_usa/art/shapes/objects/s_chainlink_old.dae","useInstanceRenderData":true}
{"class":"TSStatic","persistentId":"85a20428-73da-4d86-9f8f-f7b723665292","__parent":"quarrySide_fence","position":[813.495483,-499.75769,165.264954],"isRenderEnabled":false,"rotationMatrix":[0.697134078,0.716940761,0,-0.716940761,0.697134078,0,0,0,1],"shapeName":"/levels/west_coast_usa/art/shapes/objects/s_chainlink_old.dae","useInstanceRenderData":true}
{"class":"TSStatic","persistentId":"1e03e755-4809-47a5-a973-0b9f48595e1b","__parent":"quarrySide_fence","position":[816.538452,-496.933075,165.264954],"isRenderEnabled":false,"rotationMatrix":[0.752068341,0.659085095,0,-0.659085095,0.752068341,0,0,0,1],"shapeName":"/levels/west_coast_usa/art/shapes/objects/s_chainlink_old.dae","useInstanceRenderData":true}
{"class":"TSStatic","persistentId":"60b7dca2-e250-4e2d-8a16-4a110b5c5172","__parent":"quarrySide_fence","position":[820.192139,-494.901062,165.264954],"isRenderEnabled":false,"rotationMatrix":[0.883677185,0.468096823,0,-0.468096823,0.883677185,0,0,0,1],"shapeName":"/levels/west_coast_usa/art/shapes/objects/s_chainlink_old.dae","useInstanceRenderData":true}
{"class":"TSStatic","persistentId":"4ae2f8ea-01cc-4386-ae8c-4e8f7ed2a414","__parent":"quarrySide_fence","position":[818.361755,-495.888489,165.264954],"isRenderEnabled":false,"rotationMatrix":[0.868756056,0.495240211,0,-0.495240211,0.868756056,0,0,0,1],"shapeName":"/levels/west_coast_usa/art/shapes/objects/s_chainlink_old.dae","useInstanceRenderData":true}
{"class":"TSStatic","persistentId":"6f8f4c77-f286-435a-96f5-51dd804d05b4","__parent":"quarrySide_fence","position":[822.128784,-494.128784,165.264954],"isRenderEnabled":false,"rotationMatrix":[0.927718282,0.373281032,0,-0.373281032,0.927718282,0,0,0,1],"shapeName":"/levels/west_coast_usa/art/shapes/objects/s_chainlink_old.dae","useInstanceRenderData":true}
{"class":"TSStatic","persistentId":"9c9af5a8-6061-4308-9027-7d99ac0b4fba","__parent":"quarrySide_fence","position":[828.378662,-493.572815,165.264954],"isRenderEnabled":false,"rotationMatrix":[0.999966383,0.00819605682,-0.000303227454,-0.00820166338,0.999282718,-0.0369702168,-1.45519152e-11,0.036971461,0.999316335],"shapeName":"/levels/west_coast_usa/art/shapes/objects/s_chainlink_old.dae","useInstanceRenderData":true}
{"class":"TSStatic","persistentId":"a76251db-cce0-4f22-8838-16ce1dc5a32f","__parent":"quarrySide_fence","position":[826.293762,-493.583466,165.264954],"isRenderEnabled":false,"rotationMatrix":[0.99364543,0.112555362,0,-0.112555362,0.99364543,0,0,0,1],"shapeName":"/levels/west_coast_usa/art/shapes/objects/s_chainlink_old.dae","useInstanceRenderData":true}
{"class":"TSStatic","persistentId":"70741624-0fb1-47a3-92f2-6437f7657672","__parent":"quarrySide_fence","position":[824.229065,-493.833191,165.264954],"isRenderEnabled":false,"rotationMatrix":[0.989682913,0.143275082,0,-0.143275082,0.989682913,0,0,0,1],"shapeName":"/levels/west_coast_usa/art/shapes/objects/s_chainlink_old.dae","useInstanceRenderData":true}
{"class":"TSStatic","persistentId":"86c2b09c-9ec9-4909-ab8b-075aca72b57b","__parent":"quarrySide_fence","position":[834.61676,-493.570129,165.264954],"isRenderEnabled":false,"rotationMatrix":[0.996741652,-0.080660522,0,0.080660522,0.996741652,0,0,0,1],"shapeName":"/levels/west_coast_usa/art/shapes/objects/s_chainlink_old.dae","useInstanceRenderData":true}
{"class":"TSStatic","persistentId":"dbc8c7a4-f20f-4cd7-abd8-d39a3db3c291","__parent":"quarrySide_fence","position":[832.539124,-493.395538,165.264954],"isRenderEnabled":false,"rotationMatrix":[0.999715745,0.0238421038,0,-0.0238421038,0.999715745,0,0,0,1],"shapeName":"/levels/west_coast_usa/art/shapes/objects/s_chainlink_old.dae","useInstanceRenderData":true}
{"class":"TSStatic","persistentId":"7f290228-0b84-4ed1-a7cd-cc1df64c3ad2","__parent":"quarrySide_fence","position":[830.460449,-493.460846,165.264954],"isRenderEnabled":false,"rotationMatrix":[0.998497784,0.0547923818,0,-0.0547923818,0.998497784,0,0,0,1],"shapeName":"/levels/west_coast_usa/art/shapes/objects/s_chainlink_old.dae","useInstanceRenderData":true}
{"class":"TSStatic","persistentId":"dcbd8f2d-2055-462a-8fe8-bd0885a5ccc9","__parent":"quarrySide_fence","position":[842.94342,-494.18219,165.264954],"isRenderEnabled":false,"rotationMatrix":[0.991171062,-0.132589251,0,0.132589251,0.991171062,0,0,0,1],"shapeName":"/levels/west_coast_usa/art/shapes/objects/s_chainlink_old.dae","useInstanceRenderData":true}
{"class":"TSStatic","persistentId":"2be11b8d-7fb7-42ff-9d53-9988cc703d03","__parent":"quarrySide_fence","position":[840.886658,-493.91214,165.264954],"isRenderEnabled":false,"rotationMatrix":[0.998371959,-0.057039164,0,0.057039164,0.998371959,0,0,0,1],"shapeName":"/levels/west_coast_usa/art/shapes/objects/s_chainlink_old.dae","useInstanceRenderData":true}
{"class":"TSStatic","persistentId":"cbf1eb68-a210-4153-9a0f-a0b9ea06d6c0","__parent":"quarrySide_fence","position":[838.809509,-493.789673,165.264954],"isRenderEnabled":false,"rotationMatrix":[0.999659538,-0.026091706,0,0.026091706,0.999659538,0,0,0,1],"shapeName":"/levels/west_coast_usa/art/shapes/objects/s_chainlink_old.dae","useInstanceRenderData":true}
{"class":"TSStatic","persistentId":"a91ddc12-15c7-4fc3-a5ca-7d4df21fbb76","__parent":"quarrySide_fence","position":[836.725464,-493.733002,165.264954],"isRenderEnabled":false,"rotationMatrix":[0.997357607,-0.0726486892,0,0.0726486892,0.997357607,0,0,0,1],"shapeName":"/levels/west_coast_usa/art/shapes/objects/s_chainlink_old.dae","useInstanceRenderData":true}
{"class":"TSStatic","persistentId":"aaa5abee-4df0-4e69-8426-0feb928594a9","__parent":"quarrySide_fence","position":[851.212891,-495.294891,165.220352],"isRenderEnabled":false,"rotationMatrix":[0.981093347,-0.193535089,0,0.193535089,0.981093347,0,0,0,1],"shapeName":"/levels/west_coast_usa/art/shapes/objects/s_chainlink_old.dae","useInstanceRenderData":true}
{"class":"TSStatic","persistentId":"e7f8dc46-6ddb-4a03-87a3-c252a1223e77","__parent":"quarrySide_fence","position":[849.176758,-494.898346,165.227264],"isRenderEnabled":false,"rotationMatrix":[0.992945254,-0.118573762,0,0.118573762,0.992945254,0,0,0,1],"shapeName":"/levels/west_coast_usa/art/shapes/objects/s_chainlink_old.dae","useInstanceRenderData":true}
{"class":"TSStatic","persistentId":"031799d3-40ca-4e3f-aaeb-6ed0b4996ebd","__parent":"quarrySide_fence","position":[847.111145,-494.647888,165.243927],"isRenderEnabled":false,"rotationMatrix":[0.996141195,-0.0874072313,-0.00791493058,0.0877648592,0.992082119,0.0898353755,0,-0.0901833773,0.995925188],"shapeName":"/levels/west_coast_usa/art/shapes/objects/s_chainlink_old.dae","useInstanceRenderData":true}
{"class":"TSStatic","persistentId":"72f345ab-2625-499f-acc9-fbbb31e1b2e5","__parent":"quarrySide_fence","position":[845.034546,-494.462646,165.251694],"isRenderEnabled":false,"rotationMatrix":[0.990969062,-0.1340909,0,0.1340909,0.990969062,0,0,0,1],"shapeName":"/levels/west_coast_usa/art/shapes/objects/s_chainlink_old.dae","useInstanceRenderData":true}
{"class":"TSStatic","persistentId":"9572df4b-3aa5-4a39-8802-19996e33a356","__parent":"quarrySide_fence","position":[854.549988,-497.566803,165.20726],"isRenderEnabled":false,"rotationMatrix":[0.651236057,-0.758875251,0,0.758875251,0.651236057,0,0,0,1],"shapeName":"/levels/west_coast_usa/art/shapes/objects/s_chainlink_old.dae","useInstanceRenderData":true}
{"class":"TSStatic","persistentId":"905e7d1c-f6c7-4717-8a61-5cb2b5ffaf2c","__parent":"quarrySide_fence","position":[853.178162,-495.968109,165.212326],"isRenderEnabled":false,"rotationMatrix":[0.945715427,-0.324995965,0,0.324995965,0.945715427,0,0,0,1],"shapeName":"/levels/west_coast_usa/art/shapes/objects/s_chainlink_old.dae","useInstanceRenderData":true}
{"class":"TSStatic","persistentId":"108b9bc7-9956-459e-860b-6ccf83e88e65","__parent":"quarrySide_fence","position":[855.295471,-501.720856,165.191116],"isRenderEnabled":false,"rotationMatrix":[0.212086082,-0.977251112,0,0.977251112,0.212086082,0,0,0,1],"shapeName":"/levels/west_coast_usa/art/shapes/objects/s_chainlink_old.dae","useInstanceRenderData":true}
{"class":"TSStatic","persistentId":"76fe20cf-4dbe-48a2-8726-3a0983b6b427","__parent":"quarrySide_fence","position":[854.869446,-499.687592,165.199493],"isRenderEnabled":false,"rotationMatrix":[0.127119362,-0.991887629,0,0.991887629,0.127119362,0,0,0,1],"shapeName":"/levels/west_coast_usa/art/shapes/objects/s_chainlink_old.dae","useInstanceRenderData":true}
{"class":"TSStatic","persistentId":"50d27729-968e-4510-9b0f-fe8c4c5e0c37","__parent":"quarrySide_fence","position":[855.345947,-503.817841,165.184784],"isRenderEnabled":false,"rotationMatrix":[0.0205689669,-0.999788284,-0.000558662228,0.999419689,0.0205765367,-0.0271447152,0.0271504633,9.31322575e-10,0.999631345],"shapeName":"/levels/west_coast_usa/art/shapes/objects/s_chainlink_old.dae","useInstanceRenderData":true}
{"class":"TSStatic","persistentId":"d41bf7cd-91aa-4e39-b9f4-1dc844bad1ab","__parent":"quarrySide_fence","position":[855.394714,-505.892365,165.179749],"isRenderEnabled":false,"rotationMatrix":[0.0190618634,-0.999818325,0,0.999818325,0.0190618634,0,0,0,1],"shapeName":"/levels/west_coast_usa/art/shapes/objects/s_chainlink_old.dae","useInstanceRenderData":true}
{"class":"TSStatic","persistentId":"6b2fd709-76e2-4ea8-ae9c-737d5edd4c47","__parent":"quarrySide_fence","position":[811.353516,-562.319946,165.269348],"isRenderEnabled":false,"rotationMatrix":[-0.809914708,0.586548567,0,-0.586548567,-0.809914708,0,0,0,1],"shapeName":"/levels/west_coast_usa/art/shapes/objects/s_chainlink_old.dae","useInstanceRenderData":true}
{"class":"TSStatic","persistentId":"2fc80406-939a-43f5-b64c-c508de88376e","__parent":"quarrySide_fence","position":[810.027832,-560.72644,165.264954],"isRenderEnabled":false,"rotationMatrix":[-0.643503428,0.765443087,0,-0.765443087,-0.643503428,0,0,0,1],"shapeName":"/levels/west_coast_usa/art/shapes/objects/s_chainlink_old.dae","useInstanceRenderData":true}
{"class":"TSStatic","persistentId":"e170120b-318c-4491-8114-1a26b8a163e2","__parent":"quarrySide_fence","position":[813.049377,-563.5495,165.269348],"isRenderEnabled":false,"rotationMatrix":[-0.881139159,0.472856522,0,-0.472856522,-0.881139159,0,0,0,1],"shapeName":"/levels/west_coast_usa/art/shapes/objects/s_chainlink_old.dae","useInstanceRenderData":true}
{"class":"TSStatic","persistentId":"637e53a8-98a5-447b-8ce8-a2c81a6e689f","__parent":"quarrySide_fence","position":[814.883728,-564.516174,165.269348],"isRenderEnabled":false,"rotationMatrix":[-0.997341514,0.0728665441,0,-0.0728665441,-0.997341514,0,0,0,1],"shapeName":"/levels/west_coast_usa/art/shapes/objects/s_chainlink_old.dae","useInstanceRenderData":true}
{"class":"TSStatic","persistentId":"0229052a-e6df-4355-acc6-9d8323a4b7bc","__parent":"quarrySide_fence","position":[816.939148,-564.659607,165.269348],"isRenderEnabled":false,"rotationMatrix":[-0.997341514,0.0728665441,0,-0.0728665441,-0.997341514,0,0,0,1],"shapeName":"/levels/west_coast_usa/art/shapes/objects/s_chainlink_old.dae","useInstanceRenderData":true}
{"class":"TSStatic","persistentId":"d6340066-b6d3-410b-ad00-9141bef688ba","__parent":"quarrySide_fence","position":[821.109924,-564.803162,165.269348],"isRenderEnabled":false,"rotationMatrix":[-0.999998331,0.00170180935,0,-0.00170180935,-0.999998331,0,0,0,1],"shapeName":"/levels/west_coast_usa/art/shapes/objects/s_chainlink_old.dae","useInstanceRenderData":true}
{"class":"TSStatic","persistentId":"d890c5c0-459d-4156-b79b-10057002d0e5","__parent":"quarrySide_fence","position":[819.0495,-564.806396,165.269348],"isRenderEnabled":false,"rotationMatrix":[-0.999998331,0.00170180935,0,-0.00170180935,-0.999998331,0,0,0,1],"shapeName":"/levels/west_coast_usa/art/shapes/objects/s_chainlink_old.dae","useInstanceRenderData":true}
{"class":"TSStatic","persistentId":"83b9f9ec-2d00-4a47-9aef-6ed2e5eb3d48","__parent":"quarrySide_fence","position":[823.174438,-564.827271,165.269348],"isRenderEnabled":false,"rotationMatrix":[-0.997341514,0.0728665441,0,-0.0728665441,-0.997341514,0,0,0,1],"shapeName":"/levels/west_coast_usa/art/shapes/objects/s_chainlink_old.dae","useInstanceRenderData":true}
{"class":"TSStatic","persistentId":"d66c9ace-e20f-4861-9ea9-ae47a9cc1637","__parent":"quarrySide_fence","position":[827.345215,-564.970825,165.269348],"isRenderEnabled":false,"rotationMatrix":[-0.999998331,0.00170180935,0,-0.00170180935,-0.999998331,0,0,0,1],"shapeName":"/levels/west_coast_usa/art/shapes/objects/s_chainlink_old.dae","useInstanceRenderData":true}
{"class":"TSStatic","persistentId":"fbf6670d-b5ba-44e0-932b-21fe57343092","__parent":"quarrySide_fence","position":[825.28479,-564.97406,165.269348],"isRenderEnabled":false,"rotationMatrix":[-0.999998331,0.00170180935,0,-0.00170180935,-0.999998331,0,0,0,1],"shapeName":"/levels/west_coast_usa/art/shapes/objects/s_chainlink_old.dae","useInstanceRenderData":true}
{"class":"TSStatic","persistentId":"b45dece2-5fb4-402d-8364-df4f3b584cac","__parent":"quarrySide_fence","position":[831.505554,-564.970825,165.269348],"isRenderEnabled":false,"rotationMatrix":[-0.999998331,0.00170180935,0,-0.00170180935,-0.999998331,0,0,0,1],"shapeName":"/levels/west_coast_usa/art/shapes/objects/s_chainlink_old.dae","useInstanceRenderData":true}
{"class":"TSStatic","persistentId":"6d8915ce-5c1e-40e2-8b53-59a63dccf144","__parent":"quarrySide_fence","position":[829.445129,-564.97406,165.269348],"isRenderEnabled":false,"rotationMatrix":[-0.999998331,0.00170180935,0,-0.00170180935,-0.999998331,0,0,0,1],"shapeName":"/levels/west_coast_usa/art/shapes/objects/s_chainlink_old.dae","useInstanceRenderData":true}
{"class":"TSStatic","persistentId":"f47df363-2680-43b5-a398-9262b34d489d","__parent":"quarrySide_fence","position":[833.589233,-567.109131,165.269348],"isRenderEnabled":false,"rotationMatrix":[-0.0393185616,0.999226511,0,-0.999226511,-0.0393185616,0,0,0,1],"shapeName":"/levels/west_coast_usa/art/shapes/objects/s_chainlink_old.dae","useInstanceRenderData":true}
{"class":"TSStatic","persistentId":"7f4e1287-f6d7-40e0-b6da-8a18949afd50","__parent":"quarrySide_fence","position":[833.501465,-565.050598,165.269348],"isRenderEnabled":false,"rotationMatrix":[-0.0393185616,0.999226511,0,-0.999226511,-0.0393185616,0,0,0,1],"shapeName":"/levels/west_coast_usa/art/shapes/objects/s_chainlink_old.dae","useInstanceRenderData":true}
{"class":"TSStatic","persistentId":"1a223729-361b-41f8-a1ec-2f224934d199","__parent":"quarrySide_fence","position":[833.735291,-569.23877,165.269348],"isRenderEnabled":false,"rotationMatrix":[-0.0393185616,0.999226511,0,-0.999226511,-0.0393185616,0,0,0,1],"shapeName":"/levels/west_coast_usa/art/shapes/objects/s_chainlink_old.dae","useInstanceRenderData":true}
{"class":"TSStatic","persistentId":"767cf571-90d9-476c-bf09-c74d5c7179d1","__parent":"quarrySide_fence","position":[833.904541,-571.216553,165.269348],"isRenderEnabled":false,"rotationMatrix":[-0.999448299,0.0332181491,0,-0.0332181491,-0.999448299,0,0,0,1],"shapeName":"/levels/west_coast_usa/art/shapes/objects/s_chainlink_old.dae","useInstanceRenderData":true}
{"class":"TSStatic","persistentId":"496da1bb-cad4-482c-bc67-ab4491c3d881","__parent":"quarrySide_fence","position":[840.122314,-571.409363,165.269348],"isRenderEnabled":false,"rotationMatrix":[-0.999448299,0.0332181491,0,-0.0332181491,-0.999448299,0,0,0,1],"shapeName":"/levels/west_coast_usa/art/shapes/objects/s_chainlink_old.dae","useInstanceRenderData":true}
{"class":"TSStatic","persistentId":"28525166-72f0-4da3-80d8-94ed9ec56962","__parent":"quarrySide_fence","position":[835.963989,-571.278259,165.269348],"isRenderEnabled":false,"rotationMatrix":[-0.999448299,0.0332181491,0,-0.0332181491,-0.999448299,0,0,0,1],"shapeName":"/levels/west_coast_usa/art/shapes/objects/s_chainlink_old.dae","useInstanceRenderData":true}
{"class":"TSStatic","persistentId":"9f370c1a-0b48-4a06-894b-6774b9afbbcc","__parent":"quarrySide_fence","position":[838.062805,-571.347656,165.269348],"isRenderEnabled":false,"rotationMatrix":[-0.999448299,0.0332181491,0,-0.0332181491,-0.999448299,0,0,0,1],"shapeName":"/levels/west_coast_usa/art/shapes/objects/s_chainlink_old.dae","useInstanceRenderData":true}
{"class":"TSStatic","persistentId":"05d8096a-2b84-4bd5-ba6e-c1feb5de123c","__parent":"quarrySide_fence","position":[842.203735,-571.488708,165.269348],"isRenderEnabled":false,"rotationMatrix":[-0.999448299,0.0332181491,0,-0.0332181491,-0.999448299,0,0,0,1],"shapeName":"/levels/west_coast_usa/art/shapes/objects/s_chainlink_old.dae","useInstanceRenderData":true}
{"class":"TSStatic","persistentId":"a4553d0d-eaab-4f45-a696-a9adc901e18d","__parent":"quarrySide_fence","position":[844.302551,-571.558105,165.269348],"isRenderEnabled":false,"rotationMatrix":[-0.999448299,0.0332181491,0,-0.0332181491,-0.999448299,0,0,0,1],"shapeName":"/levels/west_coast_usa/art/shapes/objects/s_chainlink_old.dae","useInstanceRenderData":true}
{"class":"TSStatic","persistentId":"8b3d1031-ada4-44f1-ba26-2b370b17697c","__parent":"quarrySide_fence","position":[846.362061,-571.619812,165.269348],"isRenderEnabled":false,"rotationMatrix":[-0.999448299,0.0332181491,0,-0.0332181491,-0.999448299,0,0,0,1],"shapeName":"/levels/west_coast_usa/art/shapes/objects/s_chainlink_old.dae","useInstanceRenderData":true}
{"class":"TSStatic","persistentId":"488d3a90-268c-49a0-8e85-51a799b20412","__parent":"quarrySide_fence","position":[848.428772,-571.686218,165.269348],"isRenderEnabled":false,"rotationMatrix":[-0.999448299,0.0332181491,0,-0.0332181491,-0.999448299,0,0,0,1],"shapeName":"/levels/west_coast_usa/art/shapes/objects/s_chainlink_old.dae","useInstanceRenderData":true}
{"class":"TSStatic","persistentId":"179d7635-af4d-4fdc-8f7a-c36a83dce859","__parent":"quarrySide_fence","position":[858.963562,-525.402771,165.707443],"hidden":true,"isRenderEnabled":false,"rotationMatrix":[-0.457382679,0.888534963,-0.0361391306,-0.889269292,-0.457041383,0.0176859982,-0.00080245547,0.0402267016,0.999190271],"shapeName":"/levels/west_coast_usa/art/shapes/objects/s_chainlink_old.dae","useInstanceRenderData":true}
{"class":"TSStatic","persistentId":"90c5b5c9-9431-4e00-bd3f-79e160a42a64","__parent":"quarrySide_fence","position":[859.893005,-527.252502,165.734421],"hidden":true,"isRenderEnabled":false,"rotationMatrix":[-0.0181785822,0.999284506,-0.0331689827,-0.999819517,-0.0183515549,-0.00491970591,-0.00552488863,0.0330735594,0.99943763],"shapeName":"/levels/west_coast_usa/art/shapes/objects/s_chainlink_old.dae","useInstanceRenderData":true}
{"class":"TSStatic","persistentId":"4c6dac01-6c25-4ccc-8b5f-7d64b7455b94","__parent":"quarrySide_fence","position":[859.960632,-529.309204,165.799149],"hidden":true,"isRenderEnabled":false,"rotationMatrix":[-0.0138863325,0.999896228,-0.00379406661,-0.991351545,-0.0142626762,-0.130454421,-0.130495012,0.00194969773,0.991447031],"shapeName":"/levels/west_coast_usa/art/shapes/objects/s_chainlink_old.dae","useInstanceRenderData":true}
{"class":"TSStatic","persistentId":"0520907b-b72b-42bd-b644-12ed25d04560","__parent":"quarrySide_fence","position":[859.955444,-531.377014,165.799149],"hidden":true,"isRenderEnabled":false,"rotationMatrix":[-0.014467001,0.999726593,0.0183618069,-0.986781061,-0.0113104582,-0.161663353,-0.161411494,-0.0204578936,0.986675143],"shapeName":"/levels/west_coast_usa/art/shapes/objects/s_chainlink_old.dae","useInstanceRenderData":true}
{"class":"TSStatic","persistentId":"80e18709-3305-442a-95bd-408ed0adf46f","__parent":"quarrySide_fence","position":[859.938599,-537.592529,165.799149],"hidden":true,"isRenderEnabled":false,"rotationMatrix":[0.00140655041,0.999830663,0.0183618143,-0.986836612,0.00435721874,-0.161663398,-0.161715984,-0.0178926736,0.986675143],"shapeName":"/levels/west_coast_usa/art/shapes/objects/s_chainlink_old.dae","useInstanceRenderData":true}
{"class":"TSStatic","persistentId":"5d3a3b96-ee43-4c92-8826-057e2b88d33f","__parent":"quarrySide_fence","position":[859.976624,-535.525085,165.799149],"hidden":true,"isRenderEnabled":false,"rotationMatrix":[0.00199002028,0.999991059,-0.00379405171,-0.991453409,0.00147807598,-0.130454451,-0.130447656,0.00402127206,0.991447031],"shapeName":"/levels/west_coast_usa/art/shapes/objects/s_chainlink_old.dae","useInstanceRenderData":true}
{"class":"TSStatic","persistentId":"a08ed6e5-ca44-494e-bc2d-15d30d6bd467","__parent":"quarrySide_fence","position":[859.94165,-533.467529,165.719757],"hidden":true,"isRenderEnabled":false,"rotationMatrix":[-0.00231146812,0.999447107,-0.0331689864,-0.99998486,-0.00247597694,-0.00491970498,-0.00499910675,0.0331571102,0.99943763],"shapeName":"/levels/west_coast_usa/art/shapes/objects/s_chainlink_old.dae","useInstanceRenderData":true}
{"class":"TSStatic","persistentId":"ec13f5c1-87f1-48f1-97dc-04ef02294c4a","__parent":"quarrySide_fence","position":[859.643555,-546.21936,166.396057],"hidden":true,"isRenderEnabled":false,"rotationMatrix":[0.0491039753,0.998624861,0.0183617547,-0.985504806,0.0514313579,-0.161663383,-0.162385434,-0.0101572797,0.986675143],"shapeName":"/levels/west_coast_usa/art/shapes/objects/s_chainlink_old.dae","useInstanceRenderData":true}
{"class":"TSStatic","persistentId":"b6fb656b-a263-4408-bfac-3841e6151e1c","__parent":"quarrySide_fence","position":[859.75946,-544.151917,166.396057],"hidden":true,"isRenderEnabled":false,"rotationMatrix":[0.0514420867,0.998668671,-0.00379408151,-0.990166783,0.0505084991,-0.130454451,-0.130089164,0.0104676001,0.991447031],"shapeName":"/levels/west_coast_usa/art/shapes/objects/s_chainlink_old.dae","useInstanceRenderData":true}
{"class":"TSStatic","persistentId":"2db260db-2295-4e90-99ba-e00d88983a18","__parent":"quarrySide_fence","position":[859.788025,-542.09436,166.316666],"hidden":true,"isRenderEnabled":false,"rotationMatrix":[-0.00231146812,0.999447107,-0.0331689864,-0.99998486,-0.00247597694,-0.00491970498,-0.00499910675,0.0331571102,0.99943763],"shapeName":"/levels/west_coast_usa/art/shapes/objects/s_chainlink_old.dae","useInstanceRenderData":true}
{"class":"TSStatic","persistentId":"5feeb982-8ffe-4906-9950-761af9acf5fd","__parent":"quarrySide_fence","position":[859.801819,-540.003845,166.396057],"hidden":true,"isRenderEnabled":false,"rotationMatrix":[-0.014467001,0.999726593,0.0183618069,-0.986781061,-0.0113104582,-0.161663353,-0.161411494,-0.0204578936,0.986675143],"shapeName":"/levels/west_coast_usa/art/shapes/objects/s_chainlink_old.dae","useInstanceRenderData":true}
{"class":"TSStatic","persistentId":"cda14b16-21bf-47dc-a5ba-d932d914cc96","__parent":"quarrySide_fence","position":[859.417847,-552.542114,166.444351],"hidden":true,"isRenderEnabled":false,"rotationMatrix":[0.0887303352,0.996050775,0.00306441961,-0.996001065,0.0886929035,0.0107302209,0.0104160551,-0.00400425959,0.999937713],"shapeName":"/levels/west_coast_usa/art/shapes/objects/s_chainlink_old.dae","useInstanceRenderData":true}
{"class":"TSStatic","persistentId":"d13210e1-03d7-46b8-9216-9757910515de","__parent":"quarrySide_fence","position":[859.475647,-550.458618,166.396057],"hidden":true,"isRenderEnabled":false,"rotationMatrix":[0.0503484011,0.998673737,-0.0107510751,-0.998712718,0.0504107475,0.00561101548,0.00614554342,0.0104547311,0.999926448],"shapeName":"/levels/west_coast_usa/art/shapes/objects/s_chainlink_old.dae","useInstanceRenderData":true}
{"class":"TSStatic","persistentId":"fb87e9f6-5555-4e6c-a5b5-5aada87ec519","__parent":"quarrySide_fence","position":[859.489929,-548.360291,166.316666],"hidden":true,"isRenderEnabled":false,"rotationMatrix":[0.0355158448,0.998818398,-0.0331689827,-0.999361992,0.0353717804,-0.00491970219,-0.00374064595,0.0333225504,0.99943763],"shapeName":"/levels/west_coast_usa/art/shapes/objects/s_chainlink_old.dae","useInstanceRenderData":true}
{"class":"TSStatic","persistentId":"d4d79da2-6826-4e98-8080-5132505c6b65","__parent":"quarrySide_fence","position":[859.229248,-554.617065,166.380524],"hidden":true,"isRenderEnabled":false,"rotationMatrix":[0.0302579999,0.999541342,0.00109201111,-0.99891299,0.030277729,-0.035435833,-0.035452649,-1.86096877e-05,0.99937135],"shapeName":"/levels/west_coast_usa/art/shapes/objects/s_chainlink_old.dae","useInstanceRenderData":true}
{"class":"TSStatic","persistentId":"79ac2391-15a2-401d-8d4c-18821e8d7687","__parent":"quarrySide_fence","position":[858.903809,-560.783142,166.380524],"hidden":true,"isRenderEnabled":false,"rotationMatrix":[0.03026402,0.999541402,0.000910379924,-0.999107718,0.0302776694,-0.0294396803,-0.029453747,-1.86087564e-05,0.999566138],"shapeName":"/levels/west_coast_usa/art/shapes/objects/s_chainlink_old.dae","useInstanceRenderData":true}
{"class":"TSStatic","persistentId":"350d039a-04df-40dc-9a8a-4665bf6a8e6a","__parent":"quarrySide_fence","position":[859.092407,-558.736572,166.444351],"hidden":true,"isRenderEnabled":false,"rotationMatrix":[0.0885829926,0.996050656,0.0059619844,-0.995819747,0.0886930227,-0.0218192041,-0.0222618263,-0.00400425959,0.999744177],"shapeName":"/levels/west_coast_usa/art/shapes/objects/s_chainlink_old.dae","useInstanceRenderData":true}
{"class":"TSStatic","persistentId":"fb704953-901c-4f63-a3e8-481cd515c80b","__parent":"quarrySide_fence","position":[859.150208,-556.681458,166.396057],"hidden":true,"isRenderEnabled":false,"rotationMatrix":[0.0513433218,0.998673797,-0.00379405171,-0.99017179,0.0504106283,-0.130454451,-0.130090177,0.0104547068,0.991447031],"shapeName":"/levels/west_coast_usa/art/shapes/objects/s_chainlink_old.dae","useInstanceRenderData":true}
{"class":"TSStatic","persistentId":"ce296c90-7e22-4db3-b6a4-745f501f7573","__parent":"quarrySide_fence","position":[855.36908,-567.934509,166.380524],"hidden":true,"isRenderEnabled":false,"rotationMatrix":[0.759835482,0.650088608,0.00590549037,-0.636831343,0.746105671,-0.194350824,-0.130751371,0.14391385,0.980914295],"shapeName":"/levels/west_coast_usa/art/shapes/objects/s_chainlink_old.dae","useInstanceRenderData":true}
{"class":"TSStatic","persistentId":"f68736d0-c64c-46eb-92dd-970f6b6e99be","__parent":"quarrySide_fence","position":[856.876221,-566.448242,166.444351],"hidden":true,"isRenderEnabled":false,"rotationMatrix":[0.702003121,0.711890757,0.0200796835,-0.7112059,0.702239752,-0.0323350839,-0.0371197984,0.00841854047,0.999275386],"shapeName":"/levels/west_coast_usa/art/shapes/objects/s_chainlink_old.dae","useInstanceRenderData":true}
{"class":"TSStatic","persistentId":"0268aacd-ffc5-4809-8469-1e16dc0d8d89","__parent":"quarrySide_fence","position":[858.294739,-564.913025,166.396057],"hidden":true,"isRenderEnabled":false,"rotationMatrix":[0.677095294,0.735053957,0.0351809673,-0.735046566,0.677836478,-0.0156272817,-0.0353338383,-0.0152784893,0.999258757],"shapeName":"/levels/west_coast_usa/art/shapes/objects/s_chainlink_old.dae","useInstanceRenderData":true}
{"class":"TSStatic","persistentId":"452e169a-518a-43e9-aaa9-f6b9abf96d74","__parent":"quarrySide_fence","position":[858.812256,-562.901184,166.380524],"hidden":true,"isRenderEnabled":false,"rotationMatrix":[0.232134938,0.972597539,-0.0129345767,-0.966407001,0.229108393,-0.116476692,-0.110321522,0.039538376,0.993109226],"shapeName":"/levels/west_coast_usa/art/shapes/objects/s_chainlink_old.dae","useInstanceRenderData":true}
{"class":"TSStatic","persistentId":"5195bd8c-5caf-41b7-a14d-41c967728d25","__parent":"quarrySide_fence","position":[853.757935,-569.238159,166.380524],"hidden":true,"isRenderEnabled":false,"rotationMatrix":[0.940524399,0.322426111,0.107029133,-0.332123965,0.938929915,0.0900238678,-0.071466811,-0.120216586,0.990171909],"shapeName":"/levels/west_coast_usa/art/shapes/objects/s_chainlink_old.dae","useInstanceRenderData":true}
{"class":"TSStatic","persistentId":"6c3422f8-10f4-4b5a-83c5-fc255bc75765","__parent":"quarrySide_fence","position":[851.734802,-569.921021,166.43866],"hidden":true,"isRenderEnabled":false,"rotationMatrix":[0.995274007,0.0860034898,0.0450888127,-0.0900028273,0.991321445,0.0958193168,-0.0364567116,-0.0994245932,0.994377017],"shapeName":"/levels/west_coast_usa/art/shapes/objects/s_chainlink_old.dae","useInstanceRenderData":true}
{"class":"TSStatic","persistentId":"05f65ae7-2369-4450-920b-389a7425f282","__parent":"quarrySide_fence","position":[859.85907,-538.022278,166.967957],"isRenderEnabled":false,"shapeName":"/levels/west_coast_usa/art/shapes/objects/fence_metal1.dae","useInstanceRenderData":true}
{"class":"TSStatic","persistentId":"b7134007-0b6a-44ad-bcb0-ebb93cea5124","__parent":"quarrySide_fence","position":[859.85907,-534.70282,166.967957],"isRenderEnabled":false,"shapeName":"/levels/west_coast_usa/art/shapes/objects/fence_metal1.dae","useInstanceRenderData":true}
{"class":"TSStatic","persistentId":"5c001103-a18b-4780-b8b4-3000540a7ff4","__parent":"quarrySide_fence","position":[859.85907,-531.390991,166.967957],"isRenderEnabled":false,"shapeName":"/levels/west_coast_usa/art/shapes/objects/fence_metal1.dae","useInstanceRenderData":true}
{"class":"TSStatic","persistentId":"a0eb8827-0d13-4237-bd53-85732978400a","__parent":"quarrySide_fence","position":[859.85907,-528.073792,166.967957],"isRenderEnabled":false,"shapeName":"/levels/west_coast_usa/art/shapes/objects/fence_metal1.dae","useInstanceRenderData":true}
{"class":"TSStatic","persistentId":"f74669fb-1675-48d3-8651-73e1d3a8335b","__parent":"quarrySide_fence","position":[859.801208,-541.343628,167.635391],"isRenderEnabled":false,"rotationMatrix":[0.998924196,-0.0463723838,0,0.0463723838,0.998924196,0,0,0,1],"shapeName":"/levels/west_coast_usa/art/shapes/objects/fence_metal1.dae","useInstanceRenderData":true}
{"class":"TSStatic","persistentId":"6b1481a2-6735-4eb4-910d-8f9f815e62e7","__parent":"quarrySide_fence","position":[859.647461,-544.655273,167.635391],"isRenderEnabled":false,"rotationMatrix":[0.998924196,-0.0463723838,0,0.0463723838,0.998924196,0,0,0,1],"shapeName":"/levels/west_coast_usa/art/shapes/objects/fence_metal1.dae","useInstanceRenderData":true}
{"class":"TSStatic","persistentId":"da0484e5-865d-4ede-9dc9-737344a12eed","__parent":"quarrySide_fence","position":[859.493469,-547.972351,167.635391],"isRenderEnabled":false,"rotationMatrix":[0.998924196,-0.0463723838,0,0.0463723838,0.998924196,0,0,0,1],"shapeName":"/levels/west_coast_usa/art/shapes/objects/fence_metal1.dae","useInstanceRenderData":true}
{"class":"TSStatic","persistentId":"de057205-d12f-47e8-9e43-4498f9dd67fa","__parent":"quarrySide_fence","position":[859.339478,-551.289429,167.635391],"isRenderEnabled":false,"rotationMatrix":[0.998924196,-0.0463723838,0,0.0463723838,0.998924196,0,0,0,1],"shapeName":"/levels/west_coast_usa/art/shapes/objects/fence_metal1.dae","useInstanceRenderData":true}
{"class":"TSStatic","persistentId":"92a735cb-c622-4b03-8f40-d2233d6e2d53","__parent":"quarrySide_fence","position":[859.185486,-554.606567,167.635391],"isRenderEnabled":false,"rotationMatrix":[0.998924196,-0.0463723838,0,0.0463723838,0.998924196,0,0,0,1],"shapeName":"/levels/west_coast_usa/art/shapes/objects/fence_metal1.dae","useInstanceRenderData":true}
