{"name":"obstacles_group","class":"SimGroup","persistentId":"742dc397-823a-43b1-b039-373a4eee357b","groupPosition":"0 0 0"}
{"class":"TSStatic","persistentId":"000eaebd-d386-4968-bf3b-aca22d883df8","__parent":"obstacles_group","position":[281.907593,283.166565,38.7543716],"isRenderEnabled":false,"rotationMatrix":[0.994878888,-0.0994153693,0.0182373859,0.099685736,0.994912326,-0.0145665295,-0.0166964643,0.0163099393,0.999727547],"shapeName":"/art/shapes/race/s_concrete_race_barrier.dae"}
{"class":"TSStatic","persistentId":"005df8d8-23de-44b8-a118-b6ec5f2d0d8c","__parent":"obstacles_group","position":[414.155975,269.910431,38.3732719],"isRenderEnabled":false,"rotationMatrix":[0.994920969,-0.0998707116,-0.0125757363,0.0996857285,0.994912326,-0.0145665277,0.013966525,0.0132389218,0.999814808],"shapeName":"/art/shapes/race/s_concrete_race_barrier.dae"}
{"class":"TSStatic","persistentId":"03583774-c76c-4ce3-89d5-0d0cac6079cc","__parent":"obstacles_group","position":[298.052368,98.0778046,37.1052437],"isRenderEnabled":false,"rotationMatrix":[0.848510087,-0.528360367,-0.0294269528,0.528756618,0.848742485,0.00725362124,0.0211433787,-0.0217144694,0.999540627],"shapeName":"/art/shapes/race/s_concrete_race_barrier.dae"}
{"class":"TSStatic","persistentId":"03dd6b9f-20f9-450f-bfd8-c6c3cfe8ba17","__parent":"obstacles_group","position":[423.676941,268.95462,38.252903],"isRenderEnabled":false,"rotationMatrix":[0.994920969,-0.0998707116,-0.0125757363,0.0996857285,0.994912326,-0.0145665277,0.013966525,0.0132389218,0.999814808],"shapeName":"/art/shapes/race/s_concrete_race_barrier.dae"}
{"class":"TSStatic","persistentId":"0425cb01-075d-44a3-9b36-3b349237d3f6","__parent":"obstacles_group","position":[269.096191,285.065674,38.6013145],"isRenderEnabled":false,"rotationMatrix":[0.980883479,-0.194595695,0.000283319619,0.194579005,0.980778098,-0.0146066044,0.00256450893,0.0143825058,0.999893248],"shapeName":"/art/shapes/race/s_concrete_race_barrier.dae"}
{"class":"TSStatic","persistentId":"04297830-41f1-467e-a137-cd467b326361","__parent":"obstacles_group","position":[237.865402,174.091248,38.0407257],"isRenderEnabled":false,"rotationMatrix":[0.726583719,-0.687026143,-0.00843675807,0.687062263,0.726595283,0.00216112006,0.00464536203,-0.00736681279,0.999962091],"shapeName":"/art/shapes/race/s_concrete_race_barrier.dae"}
{"class":"TSStatic","persistentId":"059a04e9-4654-4174-a444-dd9413a1180c","__parent":"obstacles_group","position":[289.853577,103.183197,37.3895721],"isRenderEnabled":false,"rotationMatrix":[0.848510087,-0.528360367,-0.0294269528,0.528756618,0.848742485,0.00725362124,0.0211433787,-0.0217144694,0.999540627],"shapeName":"/art/shapes/race/s_concrete_race_barrier.dae"}
{"class":"TSStatic","persistentId":"069dbedb-30a9-4f43-84a8-e460ac6a0081","__parent":"obstacles_group","position":[313.643982,279.99527,39.3361359],"isRenderEnabled":false,"rotationMatrix":[0.994878888,-0.0994153693,0.0182373859,0.099685736,0.994912326,-0.0145665295,-0.0166964643,0.0163099393,0.999727547],"shapeName":"/art/shapes/race/s_concrete_race_barrier.dae"}
{"class":"TSStatic","persistentId":"06e9c997-afa5-48a1-a902-3f126fcd40eb","__parent":"obstacles_group","position":[354.906311,62.6542358,37.5997963],"isRenderEnabled":false,"rotationMatrix":[0.848592281,-0.528800905,0.0161457062,0.528756559,0.848742545,0.00725362124,-0.0175392702,0.00238178158,0.999843359],"shapeName":"/art/shapes/race/s_concrete_race_barrier.dae"}
{"class":"TSStatic","persistentId":"08f82153-7260-48dd-a357-1a965e89c4cf","__parent":"obstacles_group","position":[330.514923,77.8538132,37.1357231],"isRenderEnabled":false,"rotationMatrix":[0.848592281,-0.528800905,0.0161457062,0.528756559,0.848742545,0.00725362124,-0.0175392702,0.00238178158,0.999843359],"shapeName":"/art/shapes/race/s_concrete_race_barrier.dae"}
{"class":"TSStatic","persistentId":"08fe2955-b9f4-4219-a6e3-b4a599fba0dd","__parent":"obstacles_group","position":[316.947632,86.3082199,36.8775787],"isRenderEnabled":false,"rotationMatrix":[0.848592281,-0.528800905,0.0161457062,0.528756559,0.848742545,0.00725362124,-0.0175392702,0.00238178158,0.999843359],"shapeName":"/art/shapes/race/s_concrete_race_barrier.dae"}
{"class":"TSStatic","persistentId":"09f93195-dad7-4e3c-8af8-0ca7def40fe7","__parent":"obstacles_group","position":[436.301361,267.664154,38.0936356],"isRenderEnabled":false,"rotationMatrix":[0.994920969,-0.0998707116,-0.0125757363,0.0996857285,0.994912326,-0.0145665277,0.013966525,0.0132389218,0.999814808],"shapeName":"/art/shapes/race/s_concrete_race_barrier.dae"}
{"class":"TSStatic","persistentId":"0e8f4ce2-160c-43ef-845b-2cb4694aa483","__parent":"obstacles_group","position":[240.979706,290.643646,38.5931931],"isRenderEnabled":false,"rotationMatrix":[0.980883479,-0.194595695,0.000283319619,0.194579005,0.980778098,-0.0146066044,0.00256450893,0.0143825058,0.999893248],"shapeName":"/art/shapes/race/s_concrete_race_barrier.dae"}
{"class":"TSStatic","persistentId":"0f21e7d6-159d-43de-b225-94b1508cb2f3","__parent":"obstacles_group","position":[267.876862,125.462517,38.1425896],"isRenderEnabled":false,"rotationMatrix":[0.399658561,-0.916661024,-0.00233937101,0.916646481,0.399633884,0.00719472952,-0.00566023728,-0.00501981098,0.99997139],"shapeName":"/art/shapes/race/s_concrete_race_barrier.dae"}
{"class":"TSStatic","persistentId":"11139a6a-1cd1-46de-b597-9e5059d09c64","__parent":"obstacles_group","position":[369.559326,50.956131,37.3705025],"isRenderEnabled":false,"rotationMatrix":[0.509720206,-0.860136688,-0.018710915,0.86033684,0.509536982,0.0138782468,-0.00240328815,-0.0231717136,0.99972862],"shapeName":"/art/shapes/race/s_concrete_race_barrier.dae"}
{"class":"TSStatic","persistentId":"1129fbe6-b21a-42ba-b2ed-e14b0fb63c35","__parent":"obstacles_group","position":[208.657639,224.963409,37.9448586],"isRenderEnabled":false,"rotationMatrix":[-0.0973712206,-0.994954526,-0.0241692998,0.99524802,-0.0973426104,-0.00236463267,-9.31322575e-10,-0.0242846981,0.999705076],"shapeName":"/art/shapes/race/s_concrete_race_barrier.dae"}
{"class":"TSStatic","persistentId":"1135a0c5-00a3-49f6-95f4-bb59cfd94436","__parent":"obstacles_group","position":[360.285278,59.3022766,37.7021332],"isRenderEnabled":false,"rotationMatrix":[0.848592281,-0.528800905,0.0161457062,0.528756559,0.848742545,0.00725362124,-0.0175392702,0.00238178158,0.999843359],"shapeName":"/art/shapes/race/s_concrete_race_barrier.dae"}
{"class":"TSStatic","persistentId":"1218d914-e299-4a10-b459-4ec0091beba3","__parent":"obstacles_group","position":[391.526123,272.182007,38.6593132],"isRenderEnabled":false,"rotationMatrix":[0.994920969,-0.0998707116,-0.0125757363,0.0996857285,0.994912326,-0.0145665277,0.013966525,0.0132389218,0.999814808],"shapeName":"/art/shapes/race/s_concrete_race_barrier.dae"}
{"class":"TSStatic","persistentId":"132cb056-9026-4411-96b8-1ea0c060bf2e","__parent":"obstacles_group","position":[391.37561,8.40562725,37.3924637],"isRenderEnabled":false,"rotationMatrix":[0.426290393,-0.904578269,0.00382330175,0.904499471,0.426304221,0.0120552331,-0.0125347925,-0.00168085517,0.999920011],"shapeName":"/art/shapes/race/s_concrete_race_barrier.dae"}
{"class":"TSStatic","persistentId":"156c0b8e-2ebd-413e-a985-5636ea0ed51c","__parent":"obstacles_group","position":[270.386841,119.70562,38.127903],"isRenderEnabled":false,"rotationMatrix":[0.399658561,-0.916661024,-0.00233937101,0.916646481,0.399633884,0.00719472952,-0.00566023728,-0.00501981098,0.99997139],"shapeName":"/art/shapes/race/s_concrete_race_barrier.dae"}
{"class":"TSStatic","persistentId":"15914837-f115-49db-84c5-68d19b755109","__parent":"obstacles_group","position":[421.887848,-23.3527222,36.5355263],"isRenderEnabled":false,"rotationMatrix":[0.997426808,-0.0693028569,0.0183551852,0.0707115531,0.993196845,-0.0925195888,-0.0118184397,0.0935794339,0.995541692],"shapeName":"/art/shapes/race/s_concrete_race_barrier.dae"}
{"class":"TSStatic","persistentId":"16d2a5f1-893c-4929-b1ef-c073588232a5","__parent":"obstacles_group","position":[209.278992,231.312103,38.0990791],"isRenderEnabled":false,"rotationMatrix":[-0.0973712206,-0.994954526,-0.0241692998,0.99524802,-0.0973426104,-0.00236463267,-9.31322575e-10,-0.0242846981,0.999705076],"shapeName":"/art/shapes/race/s_concrete_race_barrier.dae"}
{"class":"TSStatic","persistentId":"17ebe049-2ae9-40b0-900b-2595a634aa89","__parent":"obstacles_group","position":[212.849014,198.221771,38.3066177],"isRenderEnabled":false,"rotationMatrix":[0.726387024,-0.686930954,0.0220892858,0.687062323,0.726595402,0.0021611196,-0.0175345149,0.0136069041,0.999753654],"shapeName":"/art/shapes/race/s_concrete_race_barrier.dae"}
{"class":"TSStatic","persistentId":"182a113e-9ac9-44a9-b429-08fe18689269","__parent":"obstacles_group","position":[217.453384,193.867462,38.4466324],"isRenderEnabled":false,"rotationMatrix":[0.726387024,-0.686930954,0.0220892858,0.687062323,0.726595402,0.0021611196,-0.0175345149,0.0136069041,0.999753654],"shapeName":"/art/shapes/race/s_concrete_race_barrier.dae"}
{"class":"TSStatic","persistentId":"186f0aef-c4b9-43ae-8ba1-4af02316ab05","__parent":"obstacles_group","position":[253.215134,157.8349,38.3401222],"isRenderEnabled":false,"rotationMatrix":[0.682260692,-0.730951011,0.0151954368,0.731010139,0.682362795,0.00225792546,-0.0120192338,0.00956752524,0.999881983],"shapeName":"/art/shapes/race/s_concrete_race_barrier.dae"}
{"class":"TSStatic","persistentId":"18bf3755-708a-47c4-85cf-29c56cfec383","__parent":"obstacles_group","position":[211.102142,250.644928,38.0226479],"isRenderEnabled":false,"rotationMatrix":[-0.0973712206,-0.994954526,-0.0241692998,0.99524802,-0.0973426104,-0.00236463267,-9.31322575e-10,-0.0242846981,0.999705076],"shapeName":"/art/shapes/race/s_concrete_race_barrier.dae"}
{"class":"TSStatic","persistentId":"19f150e3-ef23-4def-b3e4-0d40be3c5abc","__parent":"obstacles_group","position":[260.209412,143.048569,38.1874733],"isRenderEnabled":false,"rotationMatrix":[0.399658561,-0.916661024,-0.00233937101,0.916646481,0.399633884,0.00719472952,-0.00566023728,-0.00501981098,0.99997139],"shapeName":"/art/shapes/race/s_concrete_race_barrier.dae"}
{"class":"TSStatic","persistentId":"1ac1b23b-4756-4c4a-a426-6f66c63c0b88","__parent":"obstacles_group","position":[369.236389,274.419464,38.9410553],"isRenderEnabled":false,"rotationMatrix":[0.994920969,-0.0998707116,-0.0125757363,0.0996857285,0.994912326,-0.0145665277,0.013966525,0.0132389218,0.999814808],"shapeName":"/art/shapes/race/s_concrete_race_barrier.dae"}
{"class":"TSStatic","persistentId":"1be08249-dfd8-424f-99c1-96bfb909877b","__parent":"obstacles_group","position":[210.177185,241.194046,37.7930679],"isRenderEnabled":false,"rotationMatrix":[-0.0973712206,-0.994954526,-0.0241692998,0.99524802,-0.0973426104,-0.00236463267,-9.31322575e-10,-0.0242846981,0.999705076],"shapeName":"/art/shapes/race/s_concrete_race_barrier.dae"}
{"class":"TSStatic","persistentId":"1e5b6bbc-7e45-4b99-85f8-b1c9ed4037bd","__parent":"obstacles_group","position":[226.282455,185.04361,38.1752243],"isRenderEnabled":false,"rotationMatrix":[0.726583719,-0.687026143,-0.00843675807,0.687062263,0.726595283,0.00216112006,0.00464536203,-0.00736681279,0.999962091],"shapeName":"/art/shapes/race/s_concrete_race_barrier.dae"}
{"class":"TSStatic","persistentId":"212b0a3c-7805-4a8a-8178-0f4c433a727f","__parent":"obstacles_group","position":[223.668182,286.708252,38.0391006],"isRenderEnabled":false,"rotationMatrix":[0.859620869,0.51092726,0.00229952158,-0.510765374,0.859446168,-0.0217023212,-0.0130646229,0.0174812507,0.99976182],"shapeName":"/art/shapes/race/s_concrete_race_barrier.dae"}
{"class":"TSStatic","persistentId":"217bc1a2-096e-4ce8-b40d-3ec4b2cd9c01","__parent":"obstacles_group","position":[357.637512,60.9522705,37.6517487],"isRenderEnabled":false,"rotationMatrix":[0.848592281,-0.528800905,0.0161457062,0.528756559,0.848742545,0.00725362124,-0.0175392702,0.00238178158,0.999843359],"shapeName":"/art/shapes/race/s_concrete_race_barrier.dae"}
{"class":"TSStatic","persistentId":"21991ccd-7960-4429-9162-7773cca6b11f","__parent":"obstacles_group","position":[388.269562,272.508942,38.7004433],"isRenderEnabled":false,"rotationMatrix":[0.994920969,-0.0998707116,-0.0125757363,0.0996857285,0.994912326,-0.0145665277,0.013966525,0.0132389218,0.999814808],"shapeName":"/art/shapes/race/s_concrete_race_barrier.dae"}
{"class":"TSStatic","persistentId":"21bfad41-b5bd-4e4d-9b00-aab9a2df80f6","__parent":"obstacles_group","position":[246.692184,164.823303,38.1948433],"isRenderEnabled":false,"rotationMatrix":[0.682260692,-0.730951011,0.0151954368,0.731010139,0.682362795,0.00225792546,-0.0120192338,0.00956752524,0.999881983],"shapeName":"/art/shapes/race/s_concrete_race_barrier.dae"}
{"class":"TSStatic","persistentId":"22064522-a3af-4f54-afb2-d7d3b5d931eb","__parent":"obstacles_group","position":[388.668274,14.1507015,37.3681908],"isRenderEnabled":false,"rotationMatrix":[0.426290393,-0.904578269,0.00382330175,0.904499471,0.426304221,0.0120552331,-0.0125347925,-0.00168085517,0.999920011],"shapeName":"/art/shapes/race/s_concrete_race_barrier.dae"}
{"class":"TSStatic","persistentId":"24791c05-47d3-44e0-8b20-5a6447f2ab27","__parent":"obstacles_group","position":[211.720596,256.963989,38.1761513],"isRenderEnabled":false,"rotationMatrix":[-0.0973712206,-0.994954526,-0.0241692998,0.99524802,-0.0973426104,-0.00236463267,-9.31322575e-10,-0.0242846981,0.999705076],"shapeName":"/art/shapes/race/s_concrete_race_barrier.dae"}
{"class":"TSStatic","persistentId":"252cdd07-788c-4b3b-be34-fb7be8f9b77f","__parent":"obstacles_group","position":[390.027527,11.2662697,37.3803711],"isRenderEnabled":false,"rotationMatrix":[0.426290393,-0.904578269,0.00382330175,0.904499471,0.426304221,0.0120552331,-0.0125347925,-0.00168085517,0.999920011],"shapeName":"/art/shapes/race/s_concrete_race_barrier.dae"}
{"class":"TSStatic","persistentId":"25af9976-4b6f-4a89-8d5d-44c16f010fdf","__parent":"obstacles_group","position":[226.350403,288.30246,38.0462875],"isRenderEnabled":false,"rotationMatrix":[0.859620869,0.51092726,0.00229952158,-0.510765374,0.859446168,-0.0217023212,-0.0130646229,0.0174812507,0.99976182],"shapeName":"/art/shapes/race/s_concrete_race_barrier.dae"}
{"class":"TSStatic","persistentId":"281ab77a-1372-408e-b248-60e8ae9f8c1f","__parent":"obstacles_group","position":[380.592377,31.2919407,37.1367378],"isRenderEnabled":false,"rotationMatrix":[0.42604214,-0.904493928,0.0194648784,0.904499531,0.426304162,0.0120552359,-0.0192018468,0.0124699371,0.999737859],"shapeName":"/art/shapes/race/s_concrete_race_barrier.dae"}
{"class":"TSStatic","persistentId":"28db977e-fe8c-4a9e-84d8-a4d7d9be0ed9","__parent":"obstacles_group","position":[327.792084,79.5505753,37.0838966],"isRenderEnabled":false,"rotationMatrix":[0.848592281,-0.528800905,0.0161457062,0.528756559,0.848742545,0.00725362124,-0.0175392702,0.00238178158,0.999843359],"shapeName":"/art/shapes/race/s_concrete_race_barrier.dae"}
{"class":"TSStatic","persistentId":"29a62a2c-0d39-4fc9-a83c-1eac7759e345","__parent":"obstacles_group","position":[288.255829,282.532227,38.8707314],"isRenderEnabled":false,"rotationMatrix":[0.994878888,-0.0994153693,0.0182373859,0.099685736,0.994912326,-0.0145665295,-0.0166964643,0.0163099393,0.999727547],"shapeName":"/art/shapes/race/s_concrete_race_barrier.dae"}
{"class":"TSStatic","persistentId":"29d01d66-29db-4239-abdb-f923d00c27d9","__parent":"obstacles_group","position":[278.735291,283.483673,38.6962357],"isRenderEnabled":false,"rotationMatrix":[0.994878888,-0.0994153693,0.0182373859,0.099685736,0.994912326,-0.0145665295,-0.0166964643,0.0163099393,0.999727547],"shapeName":"/art/shapes/race/s_concrete_race_barrier.dae"}
{"class":"TSStatic","persistentId":"2e96e1c6-0043-47f9-a504-1e9aa6a990d2","__parent":"obstacles_group","position":[222.131699,189.443283,38.5888977],"isRenderEnabled":false,"rotationMatrix":[0.726387024,-0.686930954,0.0220892858,0.687062323,0.726595402,0.0021611196,-0.0175345149,0.0136069041,0.999753654],"shapeName":"/art/shapes/race/s_concrete_race_barrier.dae"}
{"class":"TSStatic","persistentId":"310a6a6c-1dda-48b6-b982-a3e8c5b58002","__parent":"obstacles_group","position":[346.74884,67.7376556,37.4445763],"isRenderEnabled":false,"rotationMatrix":[0.848592281,-0.528800905,0.0161457062,0.528756559,0.848742545,0.00725362124,-0.0175392702,0.00238178158,0.999843359],"shapeName":"/art/shapes/race/s_concrete_race_barrier.dae"}
{"class":"TSStatic","persistentId":"3162c075-9505-4cd8-92c5-60ad5e24ce63","__parent":"obstacles_group","position":[237.877716,291.259033,38.5922966],"isRenderEnabled":false,"rotationMatrix":[0.980883479,-0.194595695,0.000283319619,0.194579005,0.980778098,-0.0146066044,0.00256450893,0.0143825058,0.999893248],"shapeName":"/art/shapes/race/s_concrete_race_barrier.dae"}
{"class":"TSStatic","persistentId":"3376f43a-4421-4875-b6aa-ebb788c18fb8","__parent":"obstacles_group","position":[244.136673,290.017334,38.5940933],"isRenderEnabled":false,"rotationMatrix":[0.980883479,-0.194595695,0.000283319619,0.194579005,0.980778098,-0.0146066044,0.00256450893,0.0143825058,0.999893248],"shapeName":"/art/shapes/race/s_concrete_race_barrier.dae"}
{"class":"TSStatic","persistentId":"344a4da9-3e34-4a1d-92a0-fb2811688881","__parent":"obstacles_group","position":[301.019226,281.256897,39.1047287],"isRenderEnabled":false,"rotationMatrix":[0.994878888,-0.0994153693,0.0182373859,0.099685736,0.994912326,-0.0145665295,-0.0166964643,0.0163099393,0.999727547],"shapeName":"/art/shapes/race/s_concrete_race_barrier.dae"}
{"class":"TSStatic","persistentId":"34bed081-cef2-4b1c-8ec3-5b6c583a01b7","__parent":"obstacles_group","position":[304.191528,280.939789,39.1628647],"isRenderEnabled":false,"rotationMatrix":[0.994878888,-0.0994153693,0.0182373859,0.099685736,0.994912326,-0.0145665295,-0.0166964643,0.0163099393,0.999727547],"shapeName":"/art/shapes/race/s_concrete_race_barrier.dae"}
{"class":"TSStatic","persistentId":"35028142-d6c6-4096-8f40-c414c561cc15","__parent":"obstacles_group","position":[415.523315,-22.9105053,36.4184151],"isRenderEnabled":false,"rotationMatrix":[0.997426808,-0.0693028569,0.0183551852,0.0707115531,0.993196845,-0.0925195888,-0.0118184397,0.0935794339,0.995541692],"shapeName":"/art/shapes/race/s_concrete_race_barrier.dae"}
{"class":"TSStatic","persistentId":"35476cce-0fe8-44fe-919b-06d3b5fbd20a","__parent":"obstacles_group","position":[242.338776,169.487457,38.0978851],"isRenderEnabled":false,"rotationMatrix":[0.682260692,-0.730951011,0.0151954368,0.731010139,0.682362795,0.00225792546,-0.0120192338,0.00956752524,0.999881983],"shapeName":"/art/shapes/race/s_concrete_race_barrier.dae"}
{"class":"TSStatic","persistentId":"36030cb7-dee3-4017-81d9-413af4b691ef","__parent":"obstacles_group","position":[212.140915,260.072205,37.7137794],"isRenderEnabled":false,"rotationMatrix":[-0.0973712206,-0.994954526,-0.0241692998,0.99524802,-0.0973426104,-0.00236463267,-9.31322575e-10,-0.0242846981,0.999705076],"shapeName":"/art/shapes/race/s_concrete_race_barrier.dae"}
{"class":"TSStatic","persistentId":"3794cbcd-3382-46b3-863f-1651330cfcd0","__parent":"obstacles_group","position":[207.850189,211.937256,38.1663284],"isRenderEnabled":false,"rotationMatrix":[-0.097370863,-0.995002806,0.0220892839,0.99524802,-0.0973469019,0.00216112472,2.79396772e-09,0.0221947487,0.999753654],"shapeName":"/art/shapes/race/s_concrete_race_barrier.dae"}
{"class":"TSStatic","persistentId":"38bd3546-fc73-4da8-a1ba-68821907094d","__parent":"obstacles_group","position":[385.986603,19.8399353,37.3831902],"isRenderEnabled":false,"rotationMatrix":[0.42604214,-0.904493928,0.0194648784,0.904499531,0.426304162,0.0120552359,-0.0192018468,0.0124699371,0.999737859],"shapeName":"/art/shapes/race/s_concrete_race_barrier.dae"}
{"class":"TSStatic","persistentId":"3a8e72a2-ecc5-4f17-bc19-dff8cb2fb2ab","__parent":"obstacles_group","position":[266.035645,285.672852,38.6004219],"isRenderEnabled":false,"rotationMatrix":[0.980883479,-0.194595695,0.000283319619,0.194579005,0.980778098,-0.0146066044,0.00256450893,0.0143825058,0.999893248],"shapeName":"/art/shapes/race/s_concrete_race_barrier.dae"}
{"class":"TSStatic","persistentId":"3cc02049-d2b2-473c-8ad5-eb7a7da68011","__parent":"obstacles_group","position":[381.939667,28.4315643,37.1982956],"isRenderEnabled":false,"rotationMatrix":[0.42604214,-0.904493928,0.0194648784,0.904499531,0.426304162,0.0120552359,-0.0192018468,0.0124699371,0.999737859],"shapeName":"/art/shapes/race/s_concrete_race_barrier.dae"}
{"class":"TSStatic","persistentId":"3d7da76c-a5ac-4180-8423-9ca4d54acb46","__parent":"obstacles_group","position":[212.768021,266.480225,37.869442],"isRenderEnabled":false,"rotationMatrix":[-0.0973712206,-0.994954526,-0.0241692998,0.99524802,-0.0973426104,-0.00236463267,-9.31322575e-10,-0.0242846981,0.999705076],"shapeName":"/art/shapes/race/s_concrete_race_barrier.dae"}
{"class":"TSStatic","persistentId":"3e592af2-f66c-4af3-a015-15b318b55c3a","__parent":"obstacles_group","position":[436.707306,-23.2636719,36.7031174],"isRenderEnabled":false,"rotationMatrix":[0.363524497,0.927888453,-0.0829046071,-0.931509793,0.360923946,-0.0449846163,-0.011818435,0.0935794488,0.995541692],"shapeName":"/art/shapes/race/s_concrete_race_barrier.dae"}
{"class":"TSStatic","persistentId":"41a75324-d842-4f2e-8726-c0f6fb58a0f5","__parent":"obstacles_group","position":[250.296982,288.795288,38.5958824],"isRenderEnabled":false,"rotationMatrix":[0.980883479,-0.194595695,0.000283319619,0.194579005,0.980778098,-0.0146066044,0.00256450893,0.0143825058,0.999893248],"shapeName":"/art/shapes/race/s_concrete_race_barrier.dae"}
{"class":"TSStatic","persistentId":"4265e616-c19e-4750-84e6-533ffafbc448","__parent":"obstacles_group","position":[271.697998,116.698555,38.1202202],"isRenderEnabled":false,"rotationMatrix":[0.399658561,-0.916661024,-0.00233937101,0.916646481,0.399633884,0.00719472952,-0.00566023728,-0.00501981098,0.99997139],"shapeName":"/art/shapes/race/s_concrete_race_barrier.dae"}
{"class":"TSStatic","persistentId":"42cc0fc0-fd37-4d20-9d42-4f9c7e354fe5","__parent":"obstacles_group","position":[231.88678,291.593201,38.0610771],"isRenderEnabled":false,"rotationMatrix":[0.859620869,0.51092726,0.00229952158,-0.510765374,0.859446168,-0.0217023212,-0.0130646229,0.0174812507,0.99976182],"shapeName":"/art/shapes/race/s_concrete_race_barrier.dae"}
{"class":"TSStatic","persistentId":"43c27a7e-8a74-423b-aa41-cf0aae438ab2","__parent":"obstacles_group","position":[335.904388,74.4953003,37.2382584],"isRenderEnabled":false,"rotationMatrix":[0.848592281,-0.528800905,0.0161457062,0.528756559,0.848742545,0.00725362124,-0.0175392702,0.00238178158,0.999843359],"shapeName":"/art/shapes/race/s_concrete_race_barrier.dae"}
{"class":"TSStatic","persistentId":"43f655e7-ff0f-4dbc-978c-3326d2354ad3","__parent":"obstacles_group","position":[303.430817,94.7286377,36.9187088],"isRenderEnabled":false,"rotationMatrix":[0.848510087,-0.528360367,-0.0294269528,0.528756618,0.848742485,0.00725362124,0.0211433787,-0.0217144694,0.999540627],"shapeName":"/art/shapes/race/s_concrete_race_barrier.dae"}
{"class":"TSStatic","persistentId":"4404c7b5-f89f-4a9c-93f8-92fdaf576af7","__parent":"obstacles_group","position":[247.19725,289.410156,38.594986],"isRenderEnabled":false,"rotationMatrix":[0.980883479,-0.194595695,0.000283319619,0.194579005,0.980778098,-0.0146066044,0.00256450893,0.0143825058,0.999893248],"shapeName":"/art/shapes/race/s_concrete_race_barrier.dae"}
{"class":"TSStatic","persistentId":"4449920d-baf5-4662-9b7e-45ac4bfeb81d","__parent":"obstacles_group","position":[209.857803,237.93013,37.7137794],"isRenderEnabled":false,"rotationMatrix":[-0.0973712206,-0.994954526,-0.0241692998,0.99524802,-0.0973426104,-0.00236463267,-9.31322575e-10,-0.0242846981,0.999705076],"shapeName":"/art/shapes/race/s_concrete_race_barrier.dae"}
{"class":"TSStatic","persistentId":"44904ffa-f510-46e9-a115-c89ea622a234","__parent":"obstacles_group","position":[213.693192,275.933411,38.0990791],"isRenderEnabled":false,"rotationMatrix":[-0.0973712206,-0.994954526,-0.0241692998,0.99524802,-0.0973426104,-0.00236463267,-9.31322575e-10,-0.0242846981,0.999705076],"shapeName":"/art/shapes/race/s_concrete_race_barrier.dae"}
{"class":"TSStatic","persistentId":"456676f0-680b-448c-9547-ab46e26626ae","__parent":"obstacles_group","position":[433.189148,267.999908,38.1326599],"isRenderEnabled":false,"rotationMatrix":[0.994920969,-0.0998707116,-0.0125757363,0.0996857285,0.994912326,-0.0145665277,0.013966525,0.0132389218,0.999814808],"shapeName":"/art/shapes/race/s_concrete_race_barrier.dae"}
{"class":"TSStatic","persistentId":"458f2448-6653-4dbc-a46d-656d1f28fe07","__parent":"obstacles_group","position":[417.32843,269.591888,38.3331566],"isRenderEnabled":false,"rotationMatrix":[0.994920969,-0.0998707116,-0.0125757363,0.0996857285,0.994912326,-0.0145665277,0.013966525,0.0132389218,0.999814808],"shapeName":"/art/shapes/race/s_concrete_race_barrier.dae"}
{"class":"TSStatic","persistentId":"47d1a8d8-8a66-4769-8c55-899f874ed09c","__parent":"obstacles_group","position":[212.849014,198.221771,38.3066177],"isRenderEnabled":false,"rotationMatrix":[0.726387024,-0.686930954,0.0220892858,0.687062323,0.726595402,0.0021611196,-0.0175345149,0.0136069041,0.999753654],"shapeName":"/art/shapes/race/s_concrete_race_barrier.dae"}
{"class":"TSStatic","persistentId":"48056cc2-1486-40e6-b122-46f797a44e8f","__parent":"obstacles_group","position":[269.123871,122.602318,38.1352959],"isRenderEnabled":false,"rotationMatrix":[0.399658561,-0.916661024,-0.00233937101,0.916646481,0.399633884,0.00719472952,-0.00566023728,-0.00501981098,0.99997139],"shapeName":"/art/shapes/race/s_concrete_race_barrier.dae"}
{"class":"TSStatic","persistentId":"4a3d256d-e148-499b-8e53-d413b72ee21d","__parent":"obstacles_group","position":[383.310913,25.5204258,37.2609329],"isRenderEnabled":false,"rotationMatrix":[0.42604214,-0.904493928,0.0194648784,0.904499531,0.426304162,0.0120552359,-0.0192018468,0.0124699371,0.999737859],"shapeName":"/art/shapes/race/s_concrete_race_barrier.dae"}
{"class":"TSStatic","persistentId":"4bf67dfd-9714-4baa-83fb-2527f4eeb229","__parent":"obstacles_group","position":[319.678833,84.6062546,36.9295311],"isRenderEnabled":false,"rotationMatrix":[0.848592281,-0.528800905,0.0161457062,0.528756559,0.848742545,0.00725362124,-0.0175392702,0.00238178158,0.999843359],"shapeName":"/art/shapes/race/s_concrete_race_barrier.dae"}
{"class":"TSStatic","persistentId":"5558e81c-9081-4fad-a6c2-1d70e2d7cc22","__parent":"obstacles_group","position":[348.799622,276.470825,39.1993599],"isRenderEnabled":false,"rotationMatrix":[0.994920969,-0.0998707116,-0.0125757363,0.0996857285,0.994912326,-0.0145665277,0.013966525,0.0132389218,0.999814808],"shapeName":"/art/shapes/race/s_concrete_race_barrier.dae"}
{"class":"TSStatic","persistentId":"58461a03-0dee-4e92-afb2-16c089c314c7","__parent":"obstacles_group","position":[306.112213,93.0590057,36.8257179],"isRenderEnabled":false,"rotationMatrix":[0.848510087,-0.528360367,-0.0294269528,0.528756618,0.848742485,0.00725362124,0.0211433787,-0.0217144694,0.999540627],"shapeName":"/art/shapes/race/s_concrete_race_barrier.dae"}
{"class":"TSStatic","persistentId":"593cf845-8e82-4220-aa53-2abef3f4c420","__parent":"obstacles_group","position":[384.640198,22.6982117,37.3216743],"isRenderEnabled":false,"rotationMatrix":[0.42604214,-0.904493928,0.0194648784,0.904499531,0.426304162,0.0120552359,-0.0192018468,0.0124699371,0.999737859],"shapeName":"/art/shapes/race/s_concrete_race_barrier.dae"}
{"class":"TSStatic","persistentId":"5a0f42b2-9e88-4dff-a954-feec2b0e483e","__parent":"obstacles_group","position":[387.384277,16.8727951,37.4470253],"isRenderEnabled":false,"rotationMatrix":[0.42604214,-0.904493928,0.0194648784,0.904499531,0.426304162,0.0120552359,-0.0192018468,0.0124699371,0.999737859],"shapeName":"/art/shapes/race/s_concrete_race_barrier.dae"}
{"class":"TSStatic","persistentId":"5a30a866-f198-45d5-87f4-1da1b0baeb2c","__parent":"obstacles_group","position":[259.776672,286.914551,38.5986252],"isRenderEnabled":false,"rotationMatrix":[0.980883479,-0.194595695,0.000283319619,0.194579005,0.980778098,-0.0146066044,0.00256450893,0.0143825058,0.999893248],"shapeName":"/art/shapes/race/s_concrete_race_barrier.dae"}
{"class":"TSStatic","persistentId":"5b0141f7-81cf-4bf6-bc28-06c79665bf8b","__parent":"obstacles_group","position":[371.171234,48.2360268,37.3113327],"isRenderEnabled":false,"rotationMatrix":[0.509720206,-0.860136688,-0.018710915,0.86033684,0.509536982,0.0138782468,-0.00240328815,-0.0231717136,0.99972862],"shapeName":"/art/shapes/race/s_concrete_race_barrier.dae"}
{"class":"TSStatic","persistentId":"5bc414e5-7c8f-41d1-a7c2-cbb0ee6844b5","__parent":"obstacles_group","position":[210.551895,200.394135,38.2367592],"isRenderEnabled":false,"rotationMatrix":[0.726387024,-0.686930954,0.0220892858,0.687062323,0.726595402,0.0021611196,-0.0175345149,0.0136069041,0.999753654],"shapeName":"/art/shapes/race/s_concrete_race_barrier.dae"}
{"class":"TSStatic","persistentId":"5c352956-0397-4ae3-ba22-1dc6660f9e45","__parent":"obstacles_group","position":[426.781281,268.643036,38.2136688],"isRenderEnabled":false,"rotationMatrix":[0.994920969,-0.0998707116,-0.0125757363,0.0996857285,0.994912326,-0.0145665277,0.013966525,0.0132389218,0.999814808],"shapeName":"/art/shapes/race/s_concrete_race_barrier.dae"}
{"class":"TSStatic","persistentId":"5c866801-fea9-46e4-ad9f-f38ad1ca9e4e","__parent":"obstacles_group","position":[265.326721,131.311676,38.1575203],"isRenderEnabled":false,"rotationMatrix":[0.399658561,-0.916661024,-0.00233937101,0.916646481,0.399633884,0.00719472952,-0.00566023728,-0.00501981098,0.99997139],"shapeName":"/art/shapes/race/s_concrete_race_barrier.dae"}
{"class":"TSStatic","persistentId":"5d5259f7-2f27-4f10-b86d-1d3fdde5aa8e","__parent":"obstacles_group","position":[234.750061,291.879608,38.5914078],"isRenderEnabled":false,"rotationMatrix":[0.980883479,-0.194595695,0.000283319619,0.194579005,0.980778098,-0.0146066044,0.00256450893,0.0143825058,0.999893248],"shapeName":"/art/shapes/race/s_concrete_race_barrier.dae"}
{"class":"TSStatic","persistentId":"5d9ff63c-e633-4cee-9b7f-1a7efd5fa5b4","__parent":"obstacles_group","position":[217.453384,193.867462,38.4466324],"isRenderEnabled":false,"rotationMatrix":[0.726387024,-0.686930954,0.0220892858,0.687062323,0.726595402,0.0021611196,-0.0175345149,0.0136069041,0.999753654],"shapeName":"/art/shapes/race/s_concrete_race_barrier.dae"}
{"class":"TSStatic","persistentId":"5f436a84-5c79-4060-8c9d-ed7e0b9a9ab0","__parent":"obstacles_group","position":[326.624084,278.696808,39.47966],"isRenderEnabled":false,"rotationMatrix":[0.994920969,-0.0998707116,-0.0125757363,0.0996857285,0.994912326,-0.0145665277,0.013966525,0.0132389218,0.999814808],"shapeName":"/art/shapes/race/s_concrete_race_barrier.dae"}
{"class":"TSStatic","persistentId":"60bd8923-3b36-406b-b570-d3ece5630733","__parent":"obstacles_group","position":[372.811768,45.4676514,37.2510986],"isRenderEnabled":false,"rotationMatrix":[0.509720206,-0.860136688,-0.018710915,0.86033684,0.509536982,0.0138782468,-0.00240328815,-0.0231717136,0.99972862],"shapeName":"/art/shapes/race/s_concrete_race_barrier.dae"}
{"class":"TSStatic","persistentId":"60cec968-846a-4a2a-b9ac-5641e6f62c6d","__parent":"obstacles_group","position":[310.539764,280.30545,39.2792244],"isRenderEnabled":false,"rotationMatrix":[0.994878888,-0.0994153693,0.0182373859,0.099685736,0.994912326,-0.0145665295,-0.0166964643,0.0163099393,0.999727547],"shapeName":"/art/shapes/race/s_concrete_race_barrier.dae"}
{"class":"TSStatic","persistentId":"61617678-35d9-4899-8046-8eb8a24e2b96","__parent":"obstacles_group","position":[295.369049,99.7487259,37.1982994],"isRenderEnabled":false,"rotationMatrix":[0.848510087,-0.528360367,-0.0294269528,0.528756618,0.848742485,0.00725362124,0.0211433787,-0.0217144694,0.999540627],"shapeName":"/art/shapes/race/s_concrete_race_barrier.dae"}
{"class":"TSStatic","persistentId":"61a6c0e0-18dd-4152-8170-cdc5b2a574e9","__parent":"obstacles_group","position":[397.84491,271.547638,38.5794296],"isRenderEnabled":false,"rotationMatrix":[0.994920969,-0.0998707116,-0.0125757363,0.0996857285,0.994912326,-0.0145665277,0.013966525,0.0132389218,0.999814808],"shapeName":"/art/shapes/race/s_concrete_race_barrier.dae"}
{"class":"TSStatic","persistentId":"62534ff0-c7fb-4b5d-bafe-c731ff847655","__parent":"obstacles_group","position":[253.514694,288.156952,38.5967903],"isRenderEnabled":false,"rotationMatrix":[0.980883479,-0.194595695,0.000283319619,0.194579005,0.980778098,-0.0146066044,0.00256450893,0.0143825058,0.999893248],"shapeName":"/art/shapes/race/s_concrete_race_barrier.dae"}
{"class":"TSStatic","persistentId":"627a2d21-1df3-48ff-a32a-f612460c1ac6","__parent":"obstacles_group","position":[208.971054,228.165665,38.0226479],"isRenderEnabled":false,"rotationMatrix":[-0.0973712206,-0.994954526,-0.0241692998,0.99524802,-0.0973426104,-0.00236463267,-9.31322575e-10,-0.0242846981,0.999705076],"shapeName":"/art/shapes/race/s_concrete_race_barrier.dae"}
{"class":"TSStatic","persistentId":"63269afc-b699-4e2b-83f9-47e1c224f70a","__parent":"obstacles_group","position":[333.220825,76.1676178,37.1871948],"isRenderEnabled":false,"rotationMatrix":[0.848592281,-0.528800905,0.0161457062,0.528756559,0.848742545,0.00725362124,-0.0175392702,0.00238178158,0.999843359],"shapeName":"/art/shapes/race/s_concrete_race_barrier.dae"}
{"class":"TSStatic","persistentId":"63de259b-32c6-4bd5-9ce9-30653524b1b2","__parent":"obstacles_group","position":[229.06691,289.917114,38.0535545],"isRenderEnabled":false,"rotationMatrix":[0.859620869,0.51092726,0.00229952158,-0.510765374,0.859446168,-0.0217023212,-0.0130646229,0.0174812507,0.99976182],"shapeName":"/art/shapes/race/s_concrete_race_barrier.dae"}
{"class":"TSStatic","persistentId":"64d784cc-5792-4077-a087-ef1547ab8bdb","__parent":"obstacles_group","position":[264.052338,134.23465,38.1649895],"isRenderEnabled":false,"rotationMatrix":[0.399658561,-0.916661024,-0.00233937101,0.916646481,0.399633884,0.00719472952,-0.00566023728,-0.00501981098,0.99997139],"shapeName":"/art/shapes/race/s_concrete_race_barrier.dae"}
{"class":"TSStatic","persistentId":"66b72e3f-5cde-4db9-bf36-1208ea8dd2ce","__parent":"obstacles_group","position":[240.163269,171.818268,38.0494385],"isRenderEnabled":false,"rotationMatrix":[0.682260692,-0.730951011,0.0151954368,0.731010139,0.682362795,0.00225792546,-0.0120192338,0.00956752524,0.999881983],"shapeName":"/art/shapes/race/s_concrete_race_barrier.dae"}
{"class":"TSStatic","persistentId":"66ca1fad-f2cc-4307-9518-3a19e03bdd42","__parent":"obstacles_group","position":[228.5802,182.870956,38.1485443],"isRenderEnabled":false,"rotationMatrix":[0.726583719,-0.687026143,-0.00843675807,0.687062263,0.726595283,0.00216112006,0.00464536203,-0.00736681279,0.999962091],"shapeName":"/art/shapes/race/s_concrete_race_barrier.dae"}
{"class":"TSStatic","persistentId":"67b57447-cef0-4a8f-9cb0-77bf36a51654","__parent":"obstacles_group","position":[255.137878,154.680878,38.2171669],"isRenderEnabled":false,"rotationMatrix":[0.399658561,-0.916661024,-0.00233937101,0.916646481,0.399633884,0.00719472952,-0.00566023728,-0.00501981098,0.99997139],"shapeName":"/art/shapes/race/s_concrete_race_barrier.dae"}
{"class":"TSStatic","persistentId":"67db73b1-90eb-43c6-aad0-73ece389ebd2","__parent":"obstacles_group","position":[396.823395,-3.15421891,37.4413033],"isRenderEnabled":false,"rotationMatrix":[0.426290393,-0.904578269,0.00382330175,0.904499471,0.426304221,0.0120552331,-0.0125347925,-0.00168085517,0.999920011],"shapeName":"/art/shapes/race/s_concrete_race_barrier.dae"}
{"class":"TSStatic","persistentId":"69390e00-1623-47bd-afd5-8d5cb7f90341","__parent":"obstacles_group","position":[314.264069,87.9805374,36.8265152],"isRenderEnabled":false,"rotationMatrix":[0.848592281,-0.528800905,0.0161457062,0.528756559,0.848742545,0.00725362124,-0.0175392702,0.00238178158,0.999843359],"shapeName":"/art/shapes/race/s_concrete_race_barrier.dae"}
{"class":"TSStatic","persistentId":"6a2d50e0-62a0-417d-8de2-5b3a94a2c01a","__parent":"obstacles_group","position":[212.460297,263.336121,37.7930679],"isRenderEnabled":false,"rotationMatrix":[-0.0973712206,-0.994954526,-0.0241692998,0.99524802,-0.0973426104,-0.00236463267,-9.31322575e-10,-0.0242846981,0.999705076],"shapeName":"/art/shapes/race/s_concrete_race_barrier.dae"}
{"class":"TSStatic","persistentId":"6a790b5c-f054-4060-8be2-fe54c475ce89","__parent":"obstacles_group","position":[352.222748,64.3265381,37.5487328],"isRenderEnabled":false,"rotationMatrix":[0.848592281,-0.528800905,0.0161457062,0.528756559,0.848742545,0.00725362124,-0.0175392702,0.00238178158,0.999843359],"shapeName":"/art/shapes/race/s_concrete_race_barrier.dae"}
{"class":"TSStatic","persistentId":"6afb7116-b439-42ea-8749-d265ae1a12a6","__parent":"obstacles_group","position":[441.320404,-11.4889507,35.651062],"isRenderEnabled":false,"rotationMatrix":[0.363524497,0.927888453,-0.0829046071,-0.931509793,0.360923946,-0.0449846163,-0.011818435,0.0935794488,0.995541692],"shapeName":"/art/shapes/race/s_concrete_race_barrier.dae"}
{"class":"TSStatic","persistentId":"6bd98ceb-4538-432a-839a-b7194af05a89","__parent":"obstacles_group","position":[376.013,40.0657387,37.1335983],"isRenderEnabled":false,"rotationMatrix":[0.509720206,-0.860136688,-0.018710915,0.86033684,0.509536982,0.0138782468,-0.00240328815,-0.0231717136,0.99972862],"shapeName":"/art/shapes/race/s_concrete_race_barrier.dae"}
{"class":"TSStatic","persistentId":"6cc216e2-4977-49a6-aff2-1ec33496d56d","__parent":"obstacles_group","position":[209.589508,234.484711,38.1761513],"isRenderEnabled":false,"rotationMatrix":[-0.0973712206,-0.994954526,-0.0241692998,0.99524802,-0.0973426104,-0.00236463267,-9.31322575e-10,-0.0242846981,0.999705076],"shapeName":"/art/shapes/race/s_concrete_race_barrier.dae"}
{"class":"TSStatic","persistentId":"6daa5446-b662-4974-b53f-2931a0ad91b1","__parent":"obstacles_group","position":[367.93399,53.6988487,37.4301758],"isRenderEnabled":false,"rotationMatrix":[0.509720206,-0.860136688,-0.018710915,0.86033684,0.509536982,0.0138782468,-0.00240328815,-0.0231717136,0.99972862],"shapeName":"/art/shapes/race/s_concrete_race_barrier.dae"}
{"class":"TSStatic","persistentId":"6eafaa07-c3e9-44bf-a85d-960bf77ed50b","__parent":"obstacles_group","position":[208.353821,221.858887,37.869442],"isRenderEnabled":false,"rotationMatrix":[-0.0973712206,-0.994954526,-0.0241692998,0.99524802,-0.0973426104,-0.00236463267,-9.31322575e-10,-0.0242846981,0.999705076],"shapeName":"/art/shapes/race/s_concrete_race_barrier.dae"}
{"class":"TSStatic","persistentId":"6f8566d8-0404-4eed-944c-9cdc370b9c61","__parent":"obstacles_group","position":[292.663422,101.433517,37.2921448],"isRenderEnabled":false,"rotationMatrix":[0.848510087,-0.528360367,-0.0294269528,0.528756618,0.848742485,0.00725362124,0.0211433787,-0.0217144694,0.999540627],"shapeName":"/art/shapes/race/s_concrete_race_barrier.dae"}
{"class":"TSStatic","persistentId":"724df89b-80ba-4ad1-8e4d-f1a1f5ff1469","__parent":"obstacles_group","position":[407.295502,270.599091,38.4599724],"isRenderEnabled":false,"rotationMatrix":[0.994920969,-0.0998707116,-0.0125757363,0.0996857285,0.994912326,-0.0145665277,0.013966525,0.0132389218,0.999814808],"shapeName":"/art/shapes/race/s_concrete_race_barrier.dae"}
{"class":"TSStatic","persistentId":"728aeb7a-06d7-4da8-b524-c9fc0ac49bdd","__parent":"obstacles_group","position":[291.360046,282.222046,38.9276428],"isRenderEnabled":false,"rotationMatrix":[0.994878888,-0.0994153693,0.0182373859,0.099685736,0.994912326,-0.0145665295,-0.0166964643,0.0163099393,0.999727547],"shapeName":"/art/shapes/race/s_concrete_race_barrier.dae"}
{"class":"TSStatic","persistentId":"729f4659-2527-4ca9-b80f-a8319c9fe3c5","__parent":"obstacles_group","position":[211.41008,253.791367,38.0990791],"isRenderEnabled":false,"rotationMatrix":[-0.0973712206,-0.994954526,-0.0241692998,0.99524802,-0.0973426104,-0.00236463267,-9.31322575e-10,-0.0242846981,0.999705076],"shapeName":"/art/shapes/race/s_concrete_race_barrier.dae"}
