{"name":"obstacles_group","class":"SimGroup","persistentId":"a8d32234-5172-40d6-8113-52cc318e6639","groupPosition":"0 0 0"}
{"class":"TSStatic","persistentId":"01aa12ae-6b11-413e-ba17-ffeaaf56d4d6","__parent":"obstacles_group","position":[-284.576874,-110.401833,40.6576614],"isRenderEnabled":false,"rotationMatrix":[0.443471313,0.89616859,0.0146658057,-0.895629883,0.442458808,0.0455774553,0.0343560688,-0.0333474241,0.998853147],"shapeName":"/art/shapes/race/s_concrete_race_barrier.dae"}
{"class":"TSStatic","persistentId":"14ec2f8f-731d-4f6f-898b-41738983d66f","__parent":"obstacles_group","position":[-283.496826,-107.938431,40.6576614],"isRenderEnabled":false,"rotationMatrix":[0.282475114,0.959162414,0.0146657946,-0.95845741,0.281570613,0.0455774516,0.0395867266,-0.0269310344,0.998853147],"scale":[0.699999988,1,1],"shapeName":"/art/shapes/race/s_concrete_race_barrier.dae"}
{"class":"TSStatic","persistentId":"279597b8-470e-42a1-b101-18cab79d1b50","__parent":"obstacles_group","position":[-287.38739,-115.991028,40.6576614],"isRenderEnabled":false,"rotationMatrix":[0.375904918,0.926542222,0.0146658076,-0.925930083,0.374935091,0.045577459,0.0367307104,-0.0307123046,0.998853147],"shapeName":"/art/shapes/race/s_concrete_race_barrier.dae"}
{"class":"TSStatic","persistentId":"a7847c29-5478-454d-8e26-e671d9d561e4","__parent":"obstacles_group","position":[-285.995483,-113.154823,40.6576614],"isRenderEnabled":false,"rotationMatrix":[0.443471313,0.89616859,0.0146658057,-0.895629883,0.442458808,0.0455774553,0.0343560688,-0.0333474241,0.998853147],"shapeName":"/art/shapes/race/s_concrete_race_barrier.dae"}
