{"class":"TSStatic","persistentId":"1dd990f8-11c1-474c-8eed-b1cc1b0de3f9","__parent":"career_garage_exterior_props","position":[896.65564,-547.845398,163.326065],"decalType":"None","isRenderEnabled":false,"rotationMatrix":[-0.93074429,-0.365079403,0.0208177809,0.364149153,-0.930554748,-0.0382675044,0.0333427489,-0.0280364621,0.999050677],"shapeName":"/levels/west_coast_usa/art/shapes/objects/bollard_yellow.dae","useInstanceRenderData":true}
{"class":"TSStatic","persistentId":"3e9b0a30-a52e-478f-9d79-fd1ce0488ff9","__parent":"career_garage_exterior_props","position":[897.339111,-542.576416,163.326065],"decalType":"None","isRenderEnabled":false,"rotationMatrix":[-0.459765911,-0.887848198,0.0184972268,0.887392581,-0.460126281,-0.0286251027,0.0339257866,0.00325346552,0.999419034],"shapeName":"/levels/west_coast_usa/art/shapes/objects/bollard_yellow.dae","useInstanceRenderData":true}
{"class":"TSStatic","persistentId":"96232394-8129-4d1d-8486-ae1e881766a9","__parent":"career_garage_exterior_props","position":[918.459656,-532.301636,163.326126],"decalType":"None","isRenderEnabled":false,"rotationMatrix":[-0.522870541,0.852247119,0.0167635437,-0.852144241,-0.523098111,0.0147759886,0.0213617738,-0.00655902643,0.999750316],"shapeName":"/levels/west_coast_usa/art/shapes/objects/bollard_yellow.dae","useInstanceRenderData":true}
{"class":"TSStatic","persistentId":"cca5699e-7d0c-4341-904c-96b710ed9b95","__parent":"career_garage_exterior_props","position":[913.264893,-531.596313,163.32608],"decalType":"None","isRenderEnabled":false,"rotationMatrix":[-0.687141418,0.726122499,0.024141565,-0.726389647,-0.685997009,-0.042025689,-0.0139547586,-0.0464137755,0.998824835],"shapeName":"/levels/west_coast_usa/art/shapes/objects/bollard_yellow.dae","useInstanceRenderData":true}
{"class":"TSStatic","persistentId":"4f9a37dd-edff-433c-941d-a6ef1b8c660e","__parent":"career_garage_exterior_props","collisionType":"Visible Mesh Final","decalType":"Visible Mesh Final","isRenderEnabled":false,"shapeName":"/levels/west_coast_usa/art/shapes/buildings/garage_curbs.dae","useInstanceRenderData":true}
{"class":"TSStatic","persistentId":"a0966f5f-6fbb-4a79-9df4-9a0cfb32af94","__parent":"career_garage_exterior_props","position":[932.008972,-516.104675,163.06076],"decalType":"None","isRenderEnabled":false,"rotationMatrix":[0.960285544,0.279019058,0,-0.279019058,0.960285544,0,0,0,1],"shapeName":"/levels/west_coast_usa/art/shapes/objects/bollard_yellow.dae","useInstanceRenderData":true}
{"class":"TSStatic","persistentId":"2d6c9f3c-b6db-47c8-9a35-ab9514e9029d","__parent":"career_garage_exterior_props","position":[931.472168,-506.832733,162.905182],"decalType":"None","isRenderEnabled":false,"rotationMatrix":[0.960285544,0.279019058,0,-0.279019058,0.960285544,0,0,0,1],"shapeName":"/levels/west_coast_usa/art/shapes/objects/bollard_yellow.dae","useInstanceRenderData":true}
{"class":"TSStatic","persistentId":"418e762c-0f05-409f-a744-18e2b3652beb","__parent":"career_garage_exterior_props","position":[930.299988,-507.757355,162.900635],"decalType":"None","isRenderEnabled":false,"rotationMatrix":[0.960285544,0.279019058,0,-0.279019058,0.960285544,0,0,0,1],"shapeName":"/levels/west_coast_usa/art/shapes/objects/bollard_yellow.dae","useInstanceRenderData":true}
{"class":"TSStatic","persistentId":"533a4c5d-2147-4545-8a5e-971e0b640bbd","__parent":"career_garage_exterior_props","position":[930.954834,-505.54303,162.821198],"decalType":"None","isRenderEnabled":false,"rotationMatrix":[0.960285544,0.279019058,0,-0.279019058,0.960285544,0,0,0,1],"shapeName":"/levels/west_coast_usa/art/shapes/objects/bollard_yellow.dae","useInstanceRenderData":true}
{"class":"TSStatic","persistentId":"7292be88-96b6-4ad4-b6b0-8984f6d133a9","__parent":"career_garage_exterior_props","position":[884.736816,-521.603088,162.828156],"decalType":"None","isRenderEnabled":false,"rotationMatrix":[-0.459765911,-0.887848198,0.0184972268,0.887392581,-0.460126281,-0.0286251027,0.0339257866,0.00325346552,0.999419034],"shapeName":"/levels/west_coast_usa/art/shapes/objects/bollard_yellow.dae","useInstanceRenderData":true}
{"class":"TSStatic","persistentId":"9a98538b-f5eb-4d31-a945-fa2f9bad0412","__parent":"career_garage_exterior_props","position":[885.247375,-517.329163,162.824387],"decalType":"None","isRenderEnabled":false,"rotationMatrix":[-0.459765911,-0.887848198,0.0184972268,0.887392581,-0.460126281,-0.0286251027,0.0339257866,0.00325346552,0.999419034],"shapeName":"/levels/west_coast_usa/art/shapes/objects/bollard_yellow.dae","useInstanceRenderData":true}
{"class":"TSStatic","persistentId":"8a5bbad3-9594-432b-b188-4346bdaae3e1","__parent":"career_garage_exterior_props","position":[886.317932,-509.472534,162.917023],"decalType":"None","isRenderEnabled":false,"rotationMatrix":[-0.459765911,-0.887848198,0.0184972268,0.887392581,-0.460126281,-0.0286251027,0.0339257866,0.00325346552,0.999419034],"shapeName":"/levels/west_coast_usa/art/shapes/objects/bollard_yellow.dae","useInstanceRenderData":true}
{"class":"TSStatic","persistentId":"759a0f78-8241-43ee-9017-1edb6c74248e","__parent":"career_garage_exterior_props","position":[887.378235,-500.569061,162.941299],"decalType":"None","isRenderEnabled":false,"rotationMatrix":[-0.459765911,-0.887848198,0.0184972268,0.887392581,-0.460126281,-0.0286251027,0.0339257866,0.00325346552,0.999419034],"shapeName":"/levels/west_coast_usa/art/shapes/objects/bollard_yellow.dae","useInstanceRenderData":true}
{"class":"TSStatic","persistentId":"6654087d-4839-4a2b-bd80-813a28fa4ab9","__parent":"career_garage_exterior_props","position":[885.143738,-518.166199,162.824387],"decalType":"None","isRenderEnabled":false,"rotationMatrix":[-0.459765911,-0.887848198,0.0184972268,0.887392581,-0.460126281,-0.0286251027,0.0339257866,0.00325346552,0.999419034],"shapeName":"/levels/west_coast_usa/art/shapes/objects/bollard_yellow.dae","useInstanceRenderData":true}
{"class":"TSStatic","persistentId":"38dddba6-017a-42ee-b61f-7eb572033ec5","__parent":"career_garage_exterior_props","position":[885.708923,-513.927063,162.824387],"decalType":"None","isRenderEnabled":false,"rotationMatrix":[-0.459765911,-0.887848198,0.0184972268,0.887392581,-0.460126281,-0.0286251027,0.0339257866,0.00325346552,0.999419034],"shapeName":"/levels/west_coast_usa/art/shapes/objects/bollard_yellow.dae","useInstanceRenderData":true}
{"class":"TSStatic","persistentId":"93840afd-29b8-487b-9ce5-a8863b08cf55","__parent":"career_garage_exterior_props","position":[885.824707,-512.849915,162.824387],"decalType":"None","isRenderEnabled":false,"rotationMatrix":[-0.459765911,-0.887848198,0.0184972268,0.887392581,-0.460126281,-0.0286251027,0.0339257866,0.00325346552,0.999419034],"shapeName":"/levels/west_coast_usa/art/shapes/objects/bollard_yellow.dae","useInstanceRenderData":true}
{"class":"TSStatic","persistentId":"6eb22e84-88e7-4e70-a82d-e20d81a6938f","__parent":"career_garage_exterior_props","position":[886.425171,-508.479889,162.917023],"decalType":"None","isRenderEnabled":false,"rotationMatrix":[-0.459765911,-0.887848198,0.0184972268,0.887392581,-0.460126281,-0.0286251027,0.0339257866,0.00325346552,0.999419034],"shapeName":"/levels/west_coast_usa/art/shapes/objects/bollard_yellow.dae","useInstanceRenderData":true}
{"class":"TSStatic","persistentId":"754ed050-aca2-4650-b7ce-3abacbb62a4c","__parent":"career_garage_exterior_props","position":[886.83197,-505.228394,162.917023],"decalType":"None","isRenderEnabled":false,"rotationMatrix":[-0.459765911,-0.887848198,0.0184972268,0.887392581,-0.460126281,-0.0286251027,0.0339257866,0.00325346552,0.999419034],"shapeName":"/levels/west_coast_usa/art/shapes/objects/bollard_yellow.dae","useInstanceRenderData":true}
{"class":"TSStatic","persistentId":"9bb5ca22-d06e-4725-86ab-1d5cd81f4569","__parent":"career_garage_exterior_props","position":[886.950256,-504.131683,162.916992],"decalType":"None","isRenderEnabled":false,"rotationMatrix":[-0.459765911,-0.887848198,0.0184972268,0.887392581,-0.460126281,-0.0286251027,0.0339257866,0.00325346552,0.999419034],"shapeName":"/levels/west_coast_usa/art/shapes/objects/bollard_yellow.dae","useInstanceRenderData":true}
