{"name":"obstacles_group","class":"SimGroup","persistentId":"7bbfe82c-2a4d-4de7-9fbb-20fc434aa46c","groupPosition":"0 0 0"}
{"class":"TSStatic","persistentId":"03353951-8ad7-4f93-8249-aeb65c99573c","__parent":"obstacles_group","position":[-1090.8092,955.479309,387.926117],"isRenderEnabled":false,"rotationMatrix":[0.0180235505,0.999729931,0.0146658057,-0.998810232,0.0173383951,0.0455774516,0.0453108661,-0.015469823,0.998853147],"shapeName":"/art/shapes/race/s_concrete_race_barrier.dae"}
{"class":"TSStatic","persistentId":"2568358e-dd0d-4ceb-8df9-e331a5db778d","__parent":"obstacles_group","position":[-1186.63184,713.035706,368.980743],"isRenderEnabled":false,"rotationMatrix":[0.0180235505,0.999729931,0.0146658057,-0.998810232,0.0173383951,0.0455774516,0.0453108661,-0.015469823,0.998853147],"shapeName":"/art/shapes/race/s_concrete_race_barrier.dae"}
{"class":"TSStatic","persistentId":"45f722df-d565-4c4c-8bee-e9f794df714e","__parent":"obstacles_group","position":[-1186.63184,725.870239,368.980743],"isRenderEnabled":false,"rotationMatrix":[0.0180235505,0.999729931,0.0146658057,-0.998810232,0.0173383951,0.0455774516,0.0453108661,-0.015469823,0.998853147],"shapeName":"/art/shapes/race/s_concrete_race_barrier.dae"}
{"class":"TSStatic","persistentId":"4934b400-a9a9-48e6-a218-698829580fff","__parent":"obstacles_group","position":[-1186.16431,729.055237,368.980743],"isRenderEnabled":false,"rotationMatrix":[0.227416635,0.973687053,0.0146657955,-0.972931623,0.226553738,0.0455774441,0.0410555825,-0.0246338826,0.998853147],"shapeName":"/art/shapes/race/s_concrete_race_barrier.dae"}
{"class":"TSStatic","persistentId":"575e5ab9-baec-4d5d-a690-0b6ca4906fb2","__parent":"obstacles_group","position":[-1186.63184,719.444214,368.980743],"isRenderEnabled":false,"rotationMatrix":[0.0180235505,0.999729931,0.0146658057,-0.998810232,0.0173383951,0.0455774516,0.0453108661,-0.015469823,0.998853147],"shapeName":"/art/shapes/race/s_concrete_race_barrier.dae"}
{"class":"TSStatic","persistentId":"6a47ee3f-74c9-40db-a06b-ac68eff7730a","__parent":"obstacles_group","position":[-1090.8092,958.695923,387.926117],"isRenderEnabled":false,"rotationMatrix":[0.0180235505,0.999729931,0.0146658057,-0.998810232,0.0173383951,0.0455774516,0.0453108661,-0.015469823,0.998853147],"shapeName":"/art/shapes/race/s_concrete_race_barrier.dae"}
{"class":"TSStatic","persistentId":"753a1958-6287-4e5b-bd1c-e89d6e802b09","__parent":"obstacles_group","position":[-1186.63184,722.708923,368.980743],"isRenderEnabled":false,"rotationMatrix":[0.0180235505,0.999729931,0.0146658057,-0.998810232,0.0173383951,0.0455774516,0.0453108661,-0.015469823,0.998853147],"shapeName":"/art/shapes/race/s_concrete_race_barrier.dae"}
{"class":"TSStatic","persistentId":"7f8cedb7-5f40-4f97-8b71-1eed751ec09c","__parent":"obstacles_group","position":[-1186.63184,716.268982,368.980743],"isRenderEnabled":false,"rotationMatrix":[0.0180235505,0.999729931,0.0146658057,-0.998810232,0.0173383951,0.0455774516,0.0453108661,-0.015469823,0.998853147],"shapeName":"/art/shapes/race/s_concrete_race_barrier.dae"}
