{"name":"obstacles_group","class":"SimGroup","persistentId":"90adca32-c56b-4618-b97d-b6a52dc3aad7","groupPosition":"0 0 0"}
{"class":"TSStatic","persistentId":"14a8238b-f2a8-4548-8417-623253defcb9","__parent":"obstacles_group","position":[440.424194,-870.619385,259.426666],"isRenderEnabled":false,"rotationMatrix":[0.313424051,-0.944550633,0.0979264975,0.943020225,0.297457933,-0.149103254,0.11170654,0.139079213,0.983960688],"shapeName":"/art/shapes/race/s_concrete_race_barrier.dae"}
{"class":"TSStatic","persistentId":"1e756f6a-2043-4870-9040-2ce098905b3d","__parent":"obstacles_group","position":[382.281647,-752.803833,229.314835],"isRenderEnabled":false,"rotationMatrix":[0.52846235,-0.846854627,0.0597048178,0.841575325,0.513316751,-0.168097332,0.111706547,0.139079198,0.983960688],"shapeName":"/art/shapes/race/s_concrete_race_barrier.dae"}
{"class":"TSStatic","persistentId":"3ac87a68-0f00-4bc4-a854-6639ec82b99e","__parent":"obstacles_group","position":[434.44046,-890.714661,260.350555],"isRenderEnabled":false,"rotationMatrix":[-0.730636954,-0.681405783,0.0430801101,0.679522634,-0.731860042,-0.0512837544,0.0664736554,-0.00819589756,0.997754514],"shapeName":"/art/shapes/race/s_concrete_race_barrier.dae"}
{"class":"TSStatic","persistentId":"40926946-4459-4c0c-b721-1f1933140fa2","__parent":"obstacles_group","position":[436.677307,-888.628479,260.218689],"isRenderEnabled":false,"rotationMatrix":[-0.730636954,-0.681405783,0.0430801101,0.679522634,-0.731860042,-0.0512837544,0.0664736554,-0.00819589756,0.997754514],"shapeName":"/art/shapes/race/s_concrete_race_barrier.dae"}
{"class":"TSStatic","persistentId":"49192da9-f41e-4cc3-8cc5-16165e6d82ec","__parent":"obstacles_group","position":[153.388855,-893.027039,280.448669],"isRenderEnabled":false,"rotationMatrix":[-0.975488305,0.219891399,-0.00836379454,-0.219120413,-0.974154472,-0.0548535585,-0.0202094577,-0.0516763404,0.998459399],"shapeName":"/art/shapes/race/s_concrete_race_barrier.dae"}
{"class":"TSStatic","persistentId":"5484bb8e-6221-4078-a2ba-657f4a3847f2","__parent":"obstacles_group","position":[439.766052,-883.146423,259.954559],"isRenderEnabled":false,"rotationMatrix":[-0.294738173,-0.95546031,0.0150087662,0.950948715,-0.294818282,-0.0936966911,0.0939483196,-0.0133434236,0.99548763],"shapeName":"/art/shapes/race/s_concrete_race_barrier.dae"}
{"class":"TSStatic","persistentId":"5f6f62da-ce0a-4fda-87ac-e51c6c3eb029","__parent":"obstacles_group","position":[150.301041,-892.805847,280.440002],"isRenderEnabled":false,"rotationMatrix":[-0.996901751,-0.0748419389,-0.0242014285,0.0759763494,-0.995857358,-0.0499579571,-0.0203622188,-0.0516419075,0.998458087],"shapeName":"/art/shapes/race/s_concrete_race_barrier.dae"}
{"class":"TSStatic","persistentId":"60891829-a75e-4bbb-9abe-d913ad012da7","__parent":"obstacles_group","position":[380.601959,-750.105042,229.146759],"isRenderEnabled":false,"rotationMatrix":[0.53078711,-0.843597472,0.0812911093,0.841575444,0.513316631,-0.168097362,0.100078449,0.157636508,0.982412875],"shapeName":"/art/shapes/race/s_concrete_race_barrier.dae"}
{"class":"TSStatic","persistentId":"6b17922d-9f21-47cb-85c0-75c18e1aeeb6","__parent":"obstacles_group","position":[378.937836,-747.466797,228.871399],"isRenderEnabled":false,"rotationMatrix":[0.532670319,-0.840299606,0.100790493,0.841575503,0.513316512,-0.168097377,0.0895147696,0.174363285,0.980604172],"shapeName":"/art/shapes/race/s_concrete_race_barrier.dae"}
{"class":"TSStatic","persistentId":"7ca9c525-14e4-4867-be9e-028bc598083e","__parent":"obstacles_group","position":[159.220093,-894.964539,280.256409],"isRenderEnabled":false,"rotationMatrix":[-0.802256346,0.589195251,0.0960906371,-0.593209982,-0.804855585,-0.0175803136,0.0669808611,-0.0711058453,0.995217323],"shapeName":"/art/shapes/race/s_concrete_race_barrier.dae"}
{"class":"TSStatic","persistentId":"7e4f5b7b-5ab8-489c-8d88-2fb2a8110fb8","__parent":"obstacles_group","position":[441.133636,-873.731018,259.572906],"isRenderEnabled":false,"rotationMatrix":[0.15193975,-0.986659646,0.0584528036,0.980896115,0.143255353,-0.131607205,0.121477872,0.0773324892,0.989577115],"shapeName":"/art/shapes/race/s_concrete_race_barrier.dae"}
{"class":"TSStatic","persistentId":"7f93f414-7720-4e51-ba56-e32c64f0263c","__parent":"obstacles_group","position":[431.878326,-892.507568,260.506531],"isRenderEnabled":false,"rotationMatrix":[-0.892112494,-0.448359787,0.0557524487,0.446896076,-0.893815279,-0.037115775,0.0664736331,-0.00819589756,0.997754514],"shapeName":"/art/shapes/race/s_concrete_race_barrier.dae"}
{"class":"TSStatic","persistentId":"8c8430d6-e792-4619-ba78-43d627df3224","__parent":"obstacles_group","position":[440.674988,-880.11438,259.935028],"isRenderEnabled":false,"rotationMatrix":[-0.291650891,-0.955409348,0.0461802222,0.950948536,-0.294818044,-0.0936966836,0.103133455,0.0165882893,0.994529188],"shapeName":"/art/shapes/race/s_concrete_race_barrier.dae"}
{"class":"TSStatic","persistentId":"99046735-e2b1-49ed-9d6f-2e6098486881","__parent":"obstacles_group","position":[438.580231,-886.092407,260.062714],"isRenderEnabled":false,"rotationMatrix":[-0.435489297,-0.895378411,0.0929876864,0.891903222,-0.443157434,-0.0901126415,0.121893093,0.0436929315,0.991581082],"shapeName":"/art/shapes/race/s_concrete_race_barrier.dae"}
{"class":"TSStatic","persistentId":"ab4dfb06-1352-48e8-88ad-ff57f14acc92","__parent":"obstacles_group","position":[441.232422,-876.991943,259.815552],"isRenderEnabled":false,"rotationMatrix":[-0.0975272655,-0.991206408,0.0894320309,0.987791181,-0.107374787,-0.112867586,0.121477842,0.0773324892,0.989577115],"shapeName":"/art/shapes/race/s_concrete_race_barrier.dae"}
{"class":"TSStatic","persistentId":"c6b1912a-65c1-495b-b4d2-14c83a59a43e","__parent":"obstacles_group","position":[156.36644,-893.692688,280.375702],"isRenderEnabled":false,"rotationMatrix":[-0.975497246,0.217588365,0.0325707346,-0.219120443,-0.97415483,-0.054853566,0.0197934341,-0.0606464073,0.997963071],"shapeName":"/art/shapes/race/s_concrete_race_barrier.dae"}
