{"class":"TSStatic","persistentId":"0a0cedac-5189-48b2-b551-62c1d366ddc0","__parent":"bridges","position":[459.579529,-350.800079,35.5834045],"annotation":"OBSTACLES","isRenderEnabled":false,"rotationMatrix":[-0.0486302376,-0.998815715,0.000591976976,0.998816311,-0.0486301407,1.62036622e-06,2.71696226e-05,0.000591350545,0.999999702],"shapeName":"/levels/industrial/art/shapes/misc/concrete_road_barrier_a.dae"}
{"class":"TSStatic","persistentId":"6cec36d3-021b-4c2e-8cea-af7d0592dfe6","__parent":"bridges","position":[-304.340332,486.254028,35.0208054],"annotation":"OBSTACLES","isRenderEnabled":false,"rotationMatrix":[0.999973416,0.00525449356,-0.00505974051,-0.00525456108,0.999986291,3.03771258e-10,0.00505967112,2.65864128e-05,0.999987245],"shapeName":"/levels/industrial/art/shapes/misc/concrete_road_barrier_a.dae"}
{"class":"TSStatic","persistentId":"6de55a8d-f648-4a2b-ba6d-4dac83a90cee","__parent":"bridges","position":[445.862,-347.533997,35.6105995],"isRenderEnabled":false,"rotationMatrix":[1,0,0,0,0.999999285,-0.00119603891,0,0.00119603891,0.999999285],"shapeName":"/levels/industrial/art/shapes/buildings/ind_bridge_sml_overflow.dae"}
{"class":"TSStatic","persistentId":"7b213011-24f8-47c7-9ead-25b33abc9ecb","__parent":"bridges","position":[445.862,-347.533997,35.6105995],"isRenderEnabled":false,"rotationMatrix":[1,0,0,0,0.999999762,-0.000690533896,0,0.000690533896,0.999999762],"shapeName":"/levels/industrial/art/shapes/buildings/ind_bridge_sml.dae"}
{"class":"TSStatic","persistentId":"7f9fe510-cc3f-4c96-8047-05952036327c","__parent":"bridges","position":[459.732117,-344.296631,35.5814362],"annotation":"OBSTACLES","isRenderEnabled":false,"rotationMatrix":[0.0349007212,-0.999376893,-0.00505972654,0.999389648,0.0349011943,0,0.000176590474,-0.00505663827,0.999987185],"shapeName":"/levels/industrial/art/shapes/misc/concrete_road_barrier_a.dae"}
{"class":"TSStatic","persistentId":"a5efdee7-58f3-446a-aad2-5b47b76c6fa4","__parent":"bridges","position":[374.072998,350.848999,40.5099983],"decalType":"None","isRenderEnabled":false,"shapeName":"/levels/industrial/art/shapes/buildings/ind_bridge_sml_supports.dae"}
{"class":"TSStatic","persistentId":"a7e2f384-a7c7-41ca-9aa3-d69dbbf6363e","__parent":"bridges","position":[445.862,-347.533997,35.6105995],"decalType":"None","isRenderEnabled":false,"shapeName":"/levels/industrial/art/shapes/buildings/ind_bridge_sml_supports.dae"}
{"class":"TSStatic","persistentId":"ae76f2db-4957-4769-8536-859dd80dab60","__parent":"bridges","position":[459.732117,-347.479309,35.5814362],"annotation":"OBSTACLES","isRenderEnabled":false,"rotationMatrix":[0.0458961092,0.998945355,-0.000591979013,-0.998945892,0.0458961502,0,2.71696226e-05,0.000591350545,0.999999702],"shapeName":"/levels/industrial/art/shapes/misc/concrete_road_barrier_a.dae"}
{"class":"TSStatic","persistentId":"b4dcad74-fdb6-465b-9c64-4d7f84e10575","__parent":"bridges","position":[-301.159058,486.159607,35.0208054],"annotation":"OBSTACLES","isRenderEnabled":false,"rotationMatrix":[-0.99714607,0.0754937679,-0.000591984775,-0.0754937902,-0.997146308,1.92812849e-10,-0.000590295414,4.46913618e-05,0.999999881],"shapeName":"/levels/industrial/art/shapes/misc/concrete_road_barrier_a.dae"}
{"class":"TSStatic","persistentId":"ba9d63c4-a49c-495e-ba90-19ec9751f3d1","__parent":"bridges","position":[-297.84433,485.908691,35.0227737],"annotation":"OBSTACLES","isRenderEnabled":false,"rotationMatrix":[0.996935666,-0.07822337,0.000591983204,0.0782233924,0.996935904,1.62094852e-06,-0.000590296055,4.46909471e-05,0.999999881],"shapeName":"/levels/industrial/art/shapes/misc/concrete_road_barrier_a.dae"}
{"class":"TSStatic","persistentId":"bfeceac1-aaa8-44de-a952-5a7a04a68cc6","__parent":"bridges","position":[374.072998,350.848999,40.5099983],"decalType":"Visible Mesh Final","isRenderEnabled":false,"shapeName":"/levels/industrial/art/shapes/buildings/ind_bridge_sml.dae"}
{"class":"TSStatic","persistentId":"e61d0458-e5ff-420d-b0df-d9b5a6830548","__parent":"bridges","position":[388.403931,347.779175,40.4953308],"annotation":"OBSTACLES","isRenderEnabled":false,"rotationMatrix":[-0.0486302376,-0.998815715,0.000591976976,0.998816311,-0.0486301407,1.62036622e-06,2.71696226e-05,0.000591350545,0.999999702],"shapeName":"/levels/industrial/art/shapes/misc/concrete_road_barrier_a.dae"}
{"class":"TSStatic","persistentId":"f422b249-779b-4b48-9736-97840c704601","__parent":"bridges","position":[388.556519,351.099945,40.4933624],"annotation":"OBSTACLES","isRenderEnabled":false,"rotationMatrix":[0.0458961092,0.998945355,-0.000591979013,-0.998945892,0.0458961502,0,2.71696226e-05,0.000591350545,0.999999702],"shapeName":"/levels/industrial/art/shapes/misc/concrete_road_barrier_a.dae"}
{"class":"TSStatic","persistentId":"fcbd0190-ce96-49d0-92d7-50bf2f9f60ec","__parent":"bridges","position":[388.556519,354.282623,40.4933624],"annotation":"OBSTACLES","isRenderEnabled":false,"rotationMatrix":[0.0349007212,-0.999376893,-0.00505972654,0.999389648,0.0349011943,0,0.000176590474,-0.00505663827,0.999987185],"shapeName":"/levels/industrial/art/shapes/misc/concrete_road_barrier_a.dae"}
{"class":"DecalRoad","persistentId":"0cf51844-c1a3-43ad-a5ec-c02e9bed34f7","__parent":"bridges","position":[359.507446,352.868561,40.4397316],"detail":0.300000012,"distanceFade":[200,50],"improvedSpline":true,"material":"tread_marks_damaged","nodes":[[359.507446,352.868561,40.4397316,4],[390.320038,352.77774,40.4998779,4]],"overObjects":true,"renderPriority":11,"startEndFade":[5,5],"textureLength":18}
{"class":"DecalRoad","persistentId":"31a81aec-7764-43a8-af44-b9ba3bc7d85e","__parent":"bridges","position":[421.682495,-347.584991,35.3172722],"distanceFade":[150,50],"improvedSpline":true,"material":"AsphaltRoad_variation_02","nodes":[[421.682495,-347.584991,35.3172722,6],[428.249512,-347.528107,35.4712906,6],[435.770264,-347.571808,35.6106033,8],[458.886475,-347.530121,35.5906372,7.9000001],[474.921265,-348.517456,36.158123,7.9000001]],"overObjects":true,"renderPriority":3,"startEndFade":[2,2],"textureLength":50}
{"class":"DecalRoad","persistentId":"3539f77b-ab3d-4e70-9e3e-f43a60e66460","__parent":"bridges","position":[360.481018,349.482819,40.4575996],"distanceFade":[150,50],"improvedSpline":true,"material":"tread_marks_damaged_02","nodes":[[360.481018,349.482819,40.4575996,5.30000019],[384.933655,349.828613,40.5847015,5.30000019]],"overObjects":true,"renderPriority":12,"startEndFade":[5,5],"textureLength":20}
{"class":"DecalRoad","persistentId":"4485aac9-37e1-45a8-beea-49321cc9b0fe","__parent":"bridges","position":[453.716736,-349.541199,35.6119843],"distanceFade":[150,50],"improvedSpline":true,"material":"tread_marks_damaged_02","nodes":[[453.716736,-349.541199,35.6119843,3.9000001],[443.499847,-349.619293,35.6105995,3.9000001]],"overObjects":true,"renderPriority":12,"startEndFade":[5,5],"textureLength":20}
{"class":"DecalRoad","persistentId":"4770f093-2bbb-4126-b750-0fc0815a46cb","__parent":"bridges","position":[389.980499,348.769501,40.4998779],"detail":0.300000012,"distanceFade":[200,50],"improvedSpline":true,"material":"tread_marks_damaged","nodes":[[389.980499,348.769501,40.4998779,4],[358.047333,349.288055,40.4163094,4]],"overObjects":true,"renderPriority":11,"startEndFade":[5,5],"textureLength":18}
{"class":"DecalRoad","persistentId":"4a0a3bae-4318-4f61-ae14-27bb7ab4d80e","__parent":"bridges","position":[432.1633,-345.340118,35.5873337],"distanceFade":[150,50],"improvedSpline":true,"material":"tread_marks_damaged_02","nodes":[[432.1633,-345.340118,35.5873337,3.9000001],[458.71106,-345.602509,35.592247,3.9000001]],"overObjects":true,"renderPriority":12,"startEndFade":[5,5],"textureLength":20}
{"class":"DecalRoad","persistentId":"d4231e94-0880-4d30-9c26-aa2e751c80a6","__parent":"bridges","position":[433.734314,-347.330902,35.6042175],"detail":0.300000012,"distanceFade":[200,50],"improvedSpline":true,"material":"tread_marks_damaged","nodes":[[433.734314,-347.330902,35.6042175,5.30000019],[457.943359,-347.499176,35.6065331,5.30000019]],"overObjects":true,"renderPriority":11,"startEndFade":[0.100000001,0.100000001],"textureLength":18}
{"class":"DecalRoad","persistentId":"f26ec9c8-9f08-433a-be07-7e1880e9702b","__parent":"bridges","position":[354.059753,351.12085,40.3468552],"distanceFade":[150,50],"improvedSpline":true,"material":"AsphaltRoad_variation_02","nodes":[[354.059753,351.12085,40.3468552,7.5],[397.972931,350.676178,40.9345016,7.5]],"overObjects":true,"renderPriority":3,"startEndFade":[2,2],"textureLength":50}
