{"name":"obstacles_group","class":"SimGroup","persistentId":"c256795d-f9df-4dee-8aac-b4cdb3f52c68","groupPosition":"0 0 0"}
{"class":"TSStatic","persistentId":"0545640a-0f5f-4823-b6ff-9da34848781c","__parent":"obstacles_group","position":[957.857178,1168.00684,150.435349],"isRenderEnabled":false,"rotationMatrix":[-0.997318268,0.0717042685,0.0146657955,-0.0709706694,-0.996436715,0.045577459,0.0178816337,0.0444143862,0.998853147],"shapeName":"/art/shapes/race/s_concrete_race_barrier.dae"}
{"class":"TSStatic","persistentId":"07318f52-da3c-485c-b581-e6dcdeef229c","__parent":"obstacles_group","position":[1513.47083,1324.82666,149.577057],"isRenderEnabled":false,"rotationMatrix":[0.721511364,0.68979305,-0.0600565635,-0.690060437,0.723488927,0.0195020903,0.0569026656,0.0273716841,0.998004436],"shapeName":"/art/shapes/race/s_concrete_race_barrier.dae"}
{"class":"TSStatic","persistentId":"11b8f8d0-b4d4-4a86-a6b0-dab7ee9cb35d","__parent":"obstacles_group","position":[1248.99426,1004.03534,173.71228],"isRenderEnabled":false,"rotationMatrix":[-0.062784791,0.998026907,0,-0.998026907,-0.062784791,0,0,0,1],"shapeName":"/art/shapes/race/s_concrete_race_barrier.dae"}
{"class":"TSStatic","persistentId":"14a8238b-f2a8-4548-8417-623253defcb9","__parent":"obstacles_group","position":[972.482361,1164.65747,150.961441],"isRenderEnabled":false,"rotationMatrix":[-0.770597577,0.632443368,-0.0787057057,-0.634411395,-0.772995472,0,-0.0608391576,0.0499318019,0.996897876],"shapeName":"/art/shapes/race/s_concrete_race_barrier.dae"}
{"class":"TSStatic","persistentId":"366abd40-ca73-4901-9df5-b78b968c86ac","__parent":"obstacles_group","position":[1490.31042,1580.26599,138.419067],"isRenderEnabled":false,"rotationMatrix":[-0.590831518,0.806609333,0.0172972791,-0.806410611,-0.591076016,0.0181884561,0.02489499,-0.00320239551,0.99968493],"shapeName":"/art/shapes/race/s_concrete_race_barrier.dae"}
{"class":"TSStatic","persistentId":"40a9ff24-1526-4f5f-8f67-ed244c5c1bda","__parent":"obstacles_group","position":[1248.79382,1007.21991,173.71228],"isRenderEnabled":false,"rotationMatrix":[-0.062784791,0.998026907,0,-0.998026907,-0.062784791,0,0,0,1],"shapeName":"/art/shapes/race/s_concrete_race_barrier.dae"}
{"class":"TSStatic","persistentId":"49ce9563-d0cf-491a-9ba6-dc33661170d0","__parent":"obstacles_group","position":[365.716858,1347.58789,168.138138],"isRenderEnabled":false,"rotationMatrix":[-0.997318268,0.0717042685,0.0146657955,-0.0709706694,-0.996436715,0.045577459,0.0178816337,0.0444143862,0.998853147],"shapeName":"/art/shapes/race/s_concrete_race_barrier.dae"}
{"class":"TSStatic","persistentId":"510d0d66-ac4b-4525-8edc-376c3b44f83d","__parent":"obstacles_group","position":[960.847046,1167.79187,150.391373],"isRenderEnabled":false,"rotationMatrix":[-0.997318268,0.0717042685,0.0146657955,-0.0709706694,-0.996436715,0.045577459,0.0178816337,0.0444143862,0.998853147],"shapeName":"/art/shapes/race/s_concrete_race_barrier.dae"}
{"class":"TSStatic","persistentId":"56fe5267-7322-4131-b572-a762a78fd3ab","__parent":"obstacles_group","position":[362.634125,1347.84326,168.181961],"isRenderEnabled":false,"rotationMatrix":[-0.997318268,0.0717042685,0.0146657955,-0.0709706694,-0.996436715,0.045577459,0.0178816337,0.0444143862,0.998853147],"shapeName":"/art/shapes/race/s_concrete_race_barrier.dae"}
{"class":"TSStatic","persistentId":"573fbf58-0450-4d6f-9241-6dfb6802def9","__parent":"obstacles_group","position":[1508.05005,1322.05994,149.575439],"isRenderEnabled":false,"rotationMatrix":[0.987656772,0.147583053,0.0524724685,-0.149161205,0.988429546,0.0275311489,-0.0478022061,-0.0350181833,0.998242795],"shapeName":"/art/shapes/race/s_concrete_race_barrier.dae"}
{"class":"TSStatic","persistentId":"6f78d07a-799d-4342-b64f-9cad3c94c784","__parent":"obstacles_group","position":[1249.19238,1000.88562,173.71228],"isRenderEnabled":false,"rotationMatrix":[-0.062784791,0.998026907,0,-0.998026907,-0.062784791,0,0,0,1],"shapeName":"/art/shapes/race/s_concrete_race_barrier.dae"}
{"class":"TSStatic","persistentId":"709d3e53-ef4c-4e74-9ecc-2599a717e39a","__parent":"obstacles_group","position":[1248.5918,1010.43103,173.71228],"isRenderEnabled":false,"rotationMatrix":[-0.062784791,0.998026907,0,-0.998026907,-0.062784791,0,0,0,1],"shapeName":"/art/shapes/race/s_concrete_race_barrier.dae"}
{"class":"TSStatic","persistentId":"842ab995-7c0c-4838-9a98-1ca663adff76","__parent":"obstacles_group","position":[359.461212,1348.07422,168.228516],"isRenderEnabled":false,"rotationMatrix":[-0.997318268,0.0717042685,0.0146657955,-0.0709706694,-0.996436715,0.045577459,0.0178816337,0.0444143862,0.998853147],"shapeName":"/art/shapes/race/s_concrete_race_barrier.dae"}
{"class":"TSStatic","persistentId":"8abdfd24-3cae-4734-a9db-e5a7e5adf7ef","__parent":"obstacles_group","position":[368.836945,1347.37915,168.091583],"isRenderEnabled":false,"rotationMatrix":[-0.997318268,0.0717042685,0.0146657955,-0.0709706694,-0.996436715,0.045577459,0.0178816337,0.0444143862,0.998853147],"shapeName":"/art/shapes/race/s_concrete_race_barrier.dae"}
{"class":"TSStatic","persistentId":"8b374987-58fe-4a5b-8729-f31ae248db0e","__parent":"obstacles_group","position":[963.905884,1167.5719,150.346405],"isRenderEnabled":false,"rotationMatrix":[-0.997318268,0.0717042685,0.0146657955,-0.0709706694,-0.996436715,0.045577459,0.0178816337,0.0444143862,0.998853147],"shapeName":"/art/shapes/race/s_concrete_race_barrier.dae"}
{"class":"TSStatic","persistentId":"9068fb44-e6c9-4f8f-8f4e-113e1fbcbda6","__parent":"obstacles_group","position":[1510.98425,1323.01453,149.66185],"isRenderEnabled":false,"rotationMatrix":[0.887338936,0.460885048,-0.0146479905,-0.460666418,0.887428164,0.0160510875,0.0203967467,-0.00749491621,0.999763846],"shapeName":"/art/shapes/race/s_concrete_race_barrier.dae"}
{"class":"TSStatic","persistentId":"92351d1d-1512-4536-83bc-8151a5f02e26","__parent":"obstacles_group","position":[1504.90674,1322.01538,149.397736],"isRenderEnabled":false,"rotationMatrix":[0.9894557,-0.0784029141,0.121780097,0.0796837732,0.996804059,-0.00567598455,-0.120945886,0.0153200347,0.992540896],"shapeName":"/art/shapes/race/s_concrete_race_barrier.dae"}
{"class":"TSStatic","persistentId":"a58ac7aa-39ae-4c20-9167-b53668cbe4f8","__parent":"obstacles_group","position":[967.000549,1167.34949,150.300888],"isRenderEnabled":false,"rotationMatrix":[-0.997318268,0.0717042685,0.0146657955,-0.0709706694,-0.996436715,0.045577459,0.0178816337,0.0444143862,0.998853147],"shapeName":"/art/shapes/race/s_concrete_race_barrier.dae"}
{"class":"TSStatic","persistentId":"c3177848-1015-4f65-946c-2e55f2d2b6d4","__parent":"obstacles_group","position":[1488.81421,1589.28723,138.485245],"isRenderEnabled":false,"rotationMatrix":[-0.224930167,0.974335968,0.00872258842,-0.9740569,-0.225076437,0.0235357676,0.02489499,-0.00320239551,0.99968493],"shapeName":"/art/shapes/race/s_concrete_race_barrier.dae"}
{"class":"TSStatic","persistentId":"d0dcf7db-0411-4209-bbb1-6d45ba8d8618","__parent":"obstacles_group","position":[1489.22339,1586.20728,138.465179],"isRenderEnabled":false,"rotationMatrix":[-0.0337742567,0.999421299,0.00404262636,-0.999119341,-0.0338642597,0.0247724243,0.02489499,-0.00320239458,0.99968493],"shapeName":"/art/shapes/race/s_concrete_race_barrier.dae"}
{"class":"TSStatic","persistentId":"d24e50de-068f-4d47-bcec-6fe3872ba64a","__parent":"obstacles_group","position":[1489.32092,1583.10364,138.452835],"isRenderEnabled":false,"rotationMatrix":[-0.0337742567,0.999421299,0.00404262636,-0.999119341,-0.0338642597,0.0247724243,0.02489499,-0.00320239458,0.99968493],"shapeName":"/art/shapes/race/s_concrete_race_barrier.dae"}
{"class":"TSStatic","persistentId":"d6b9b87f-71d4-4a76-adbe-a16b43e2bc68","__parent":"obstacles_group","position":[1487.5249,1592.07275,138.526245],"isRenderEnabled":false,"rotationMatrix":[-0.646544576,0.762650907,0.018543873,-0.762470067,-0.646802425,0.0169157051,0.0248949975,-0.00320239272,0.99968493],"shapeName":"/art/shapes/race/s_concrete_race_barrier.dae"}
{"class":"TSStatic","persistentId":"f5f63832-9ddb-4a9c-96a6-72d2cd551c15","__parent":"obstacles_group","position":[969.983521,1166.32373,150.429825],"isRenderEnabled":false,"rotationMatrix":[-0.883111358,0.426258922,-0.196005374,-0.44080025,-0.896902204,0.0355252996,-0.160654634,0.117772005,0.97995913],"shapeName":"/art/shapes/race/s_concrete_race_barrier.dae"}
