{"class":"TSStatic","persistentId":"0529a3f5-5d75-41a1-bc05-2ee2f4bd0831","__parent":"waste_station","position":[17.6078796,-120.693779,36.4335823],"annotation":"OBSTACLES","isRenderEnabled":false,"rotationMatrix":[0.831876874,-0.55496031,0,0.55496031,0.831876874,0,0,0,1],"shapeName":"/levels/industrial/art/shapes/buildings/ind_mesh_fence_4m.dae"}
{"class":"TSStatic","persistentId":"0773804a-89fe-4cc1-974b-590cfa4505e9","__parent":"waste_station","position":[3.21322417,-54.5191917,37.436161],"decalType":"None","isRenderEnabled":false,"rotationMatrix":[-0.000979563454,0.102981396,0.994682848,0.99995476,0.00951097626,6.58910437e-08,-0.00946039706,0.994637787,-0.102986045],"shapeName":"/levels/industrial/art/shapes/buildings/industrial_clutters/cbbox_small_dirt.DAE"}
{"class":"TSStatic","persistentId":"09c70020-95c0-49e7-adde-7b0cfed5ef41","__parent":"waste_station","position":[0.0780962706,-107.48745,36.3369408],"annotation":"OBSTACLES","isRenderEnabled":false,"rotationMatrix":[-0.815519691,0.578729391,0,-0.578729391,-0.815519691,0,0,0,1],"shapeName":"/levels/industrial/art/shapes/buildings/ind_mesh_fence_4m.dae"}
{"class":"TSStatic","persistentId":"0c30b65f-df54-43c1-a442-12982c8c44b8","__parent":"waste_station","position":[61.3604355,-73.2144775,37.6892242],"annotation":"OBSTACLES","isRenderEnabled":false,"rotationMatrix":[0.707106769,0.707106471,0,-0.707106471,0.707106769,0,0,0,1],"shapeName":"/levels/industrial/art/shapes/buildings/ind_mesh_fence_4m.dae"}
{"class":"TSStatic","persistentId":"0c619926-8468-4b89-8084-61ea5e11efaa","__parent":"waste_station","position":[36.8534927,-99.2144928,36.5994987],"annotation":"OBSTACLES","isRenderEnabled":false,"rotationMatrix":[0.617716551,0.786400855,0,-0.786400855,0.617716551,0,0,0,1],"shapeName":"/levels/industrial/art/shapes/buildings/ind_mesh_fence_4m.dae"}
{"class":"TSStatic","persistentId":"0cf7cd0e-a3f4-420f-aff0-1fcce5124bfb","__parent":"waste_station","position":[49.8311272,-76.9540253,37.0093346],"isRenderEnabled":false,"rotationMatrix":[-0.492079973,0.865133166,-0.0969636738,-0.863601208,-0.499159634,-0.0709409863,-0.109773763,0.0488293059,0.992756546],"shapeName":"/levels/industrial/art/shapes/buildings/debris/small_pile_c.DAE"}
{"class":"TSStatic","persistentId":"115a1c05-ab77-48e9-8efc-ddcd346d3279","__parent":"waste_station","position":[-44.827137,-81.9501419,36.4405556],"annotation":"OBSTACLES","isRenderEnabled":false,"rotationMatrix":[-0.810029864,-0.586388707,0,0.586388648,-0.810029864,0,0,0,1],"shapeName":"/levels/industrial/art/shapes/buildings/ind_mesh_fence_4m.dae"}
{"class":"TSStatic","persistentId":"156742a4-07c5-46c3-aa7a-ee56f0a9ebde","__parent":"waste_station","position":[53.4619102,-70.2496338,37.0318489],"isRenderEnabled":false,"rotationMatrix":[-0.963696539,0.211938426,-0.162391886,-0.213970408,-0.976826966,-0.00507800141,-0.159704998,0.0298534054,0.98671329],"shapeName":"/levels/industrial/art/shapes/buildings/debris/medium_pile.DAE"}
{"class":"TSStatic","persistentId":"15b493c1-b49d-41bf-8813-abd9e2f43e16","__parent":"waste_station","position":[102.610367,-43.0638161,36.2806625],"annotation":"OBSTACLES","isRenderEnabled":false,"rotationMatrix":[0.705879927,-0.708330572,0,0.708330572,0.705879927,0,0,0,1],"shapeName":"/levels/industrial/art/shapes/buildings/ind_mesh_fence_2m.dae"}
{"class":"TSStatic","persistentId":"173c722c-2ac0-4d59-bcbb-665797eca8f3","__parent":"waste_station","position":[3.24079466,-60.7019958,37.0405617],"decalType":"None","isRenderEnabled":false,"rotationMatrix":[1,0,0,0,-8.94069672e-08,1.00000024,0,-1.00000024,-8.94069672e-08],"shapeName":"/levels/industrial/art/shapes/buildings/industrial_clutters/cbbox_small_dirt.DAE"}
{"class":"TSStatic","persistentId":"17d91814-287a-4967-a87b-5cd4edeb5bf8","__parent":"waste_station","position":[-64.7115707,-96.1133652,36.6064758],"annotation":"OBSTACLES","isRenderEnabled":false,"rotationMatrix":[-0.818361044,-0.574704528,0,0.574704528,-0.818361044,0,0,0,1],"shapeName":"/levels/industrial/art/shapes/buildings/ind_mesh_fence_4m.dae"}
{"class":"TSStatic","persistentId":"191470a6-4360-473f-ac43-22bfdff6e36e","__parent":"waste_station","position":[-61.3457527,-93.7953873,36.6110611],"annotation":"OBSTACLES","isRenderEnabled":false,"rotationMatrix":[-0.818361044,-0.574704528,0,0.574704528,-0.818361044,0,0,0,1],"shapeName":"/levels/industrial/art/shapes/buildings/ind_mesh_fence_4m.dae"}
{"class":"TSStatic","persistentId":"194f1b34-5913-46c5-a0aa-2ea6fb0559f5","__parent":"waste_station","position":[77.8029022,-50.3088303,36.2920418],"annotation":"OBSTACLES","isRenderEnabled":false,"rotationMatrix":[0.365438074,0.930835724,0,-0.930835724,0.365438074,0,0,0,1],"shapeName":"/levels/industrial/art/shapes/buildings/ind_mesh_fence_4m.dae"}
{"class":"TSStatic","persistentId":"19db9d5d-893c-4daa-ade4-5327a7e3165c","__parent":"waste_station","position":[-3.95482826,-93.4354935,36.0732536],"annotation":"OBSTACLES","decalType":"None","isRenderEnabled":false,"rotationMatrix":[-0.997094929,0.0761688203,0,-0.0761688054,-0.99709487,0,0,0,1],"shapeName":"/levels/industrial/art/shapes/buildings/industrial_clutters/ind_dumpster_full.DAE"}
{"class":"TSStatic","persistentId":"2003d677-72fd-4b57-b6a3-fa4bced6a742","__parent":"waste_station","position":[46.9160957,-87.6475754,36.4641495],"annotation":"OBSTACLES","isRenderEnabled":false,"rotationMatrix":[0.707106769,0.707106471,0,-0.707106471,0.707106769,0,0,0,1],"shapeName":"/levels/industrial/art/shapes/buildings/ind_mesh_fence_4m.dae"}
{"class":"TSStatic","persistentId":"21b04d5c-a7b0-4465-9402-e9b823b429d2","__parent":"waste_station","position":[42.5605011,-71.5497971,38.25],"decalType":"Visible Mesh Final","isRenderEnabled":false,"rotationMatrix":[0.594354033,0.80420351,0,-0.80420351,0.594354033,0,0,0,1],"shapeName":"/levels/industrial/art/shapes/buildings/waste_transfer_station.dae"}
{"class":"TSStatic","persistentId":"22a4f9e1-df54-489b-a4e9-1d5414cead6f","__parent":"waste_station","position":[95.6253586,-11.9192476,36.1143837],"isRenderEnabled":false,"rotationMatrix":[-0.975648522,0.219339252,0,-0.219339252,-0.975648522,0,0,0,1],"shapeName":"/levels/industrial/art/shapes/buildings/weight_station_barrier.dae"}
{"class":"TSStatic","persistentId":"24215e09-84f5-4d31-b825-c547300ff932","__parent":"waste_station","position":[55.8367538,-68.0418167,37.008873],"isRenderEnabled":false,"rotationMatrix":[-0.0765161812,0.989839613,-0.119845264,-0.994451761,-0.0844643191,-0.0627015755,-0.072187148,0.114382647,0.990810573],"shapeName":"/levels/industrial/art/shapes/buildings/debris/big_pile.DAE"}
{"class":"TSStatic","persistentId":"25de1a3f-e066-4978-9111-42d8e0feb655","__parent":"waste_station","position":[-51.4592552,-86.7488174,36.5032425],"annotation":"OBSTACLES","isRenderEnabled":false,"rotationMatrix":[-0.810029864,-0.586388707,0,0.586388648,-0.810029864,0,0,0,1],"shapeName":"/levels/industrial/art/shapes/buildings/ind_mesh_fence_4m.dae"}
{"class":"TSStatic","persistentId":"2fbfb5a2-dc15-4162-817c-0079d10244bc","__parent":"waste_station","position":[5.4284749,-52.0002403,36.791008],"isRenderEnabled":false,"rotationMatrix":[-0.881770074,0.470140159,-0.0380700156,-0.469702631,-0.882591665,-0.0202791523,-0.043134328,1.98218011e-08,0.999068856],"shapeName":"/levels/industrial/art/shapes/buildings/industrial_clutters/ind_dumpster_empty.DAE"}
{"class":"TSStatic","persistentId":"30c96b5b-76cd-4cd7-a3fa-bcbf7eaa5122","__parent":"waste_station","position":[3.44188023,-109.830948,36.3627701],"annotation":"OBSTACLES","isRenderEnabled":false,"rotationMatrix":[-0.815519691,0.578729391,0,-0.578729391,-0.815519691,0,0,0,1],"shapeName":"/levels/industrial/art/shapes/buildings/ind_mesh_fence_4m.dae"}
{"class":"TSStatic","persistentId":"31290cf0-61f3-49ba-9e4b-403fe74785fc","__parent":"waste_station","position":[11.1419868,-41.7958107,37.2892113],"isRenderEnabled":false,"rotationMatrix":[-0.986380041,0.112656787,-0.119845249,-0.105727933,-0.992416382,-0.0627018139,-0.126000166,-0.0491768271,0.990810633],"shapeName":"/levels/industrial/art/shapes/buildings/debris/big_pile.DAE"}
{"class":"TSStatic","persistentId":"32b50531-633d-47c8-8a36-bcce70c84060","__parent":"waste_station","position":[10.7990379,-116.149254,36.3708992],"annotation":"OBSTACLES","isRenderEnabled":false,"rotationMatrix":[0.831876874,-0.55496031,0,0.55496031,0.831876874,0,0,0,1],"shapeName":"/levels/industrial/art/shapes/buildings/ind_mesh_fence_4m.dae"}
{"class":"TSStatic","persistentId":"3358ee85-78f2-4e9d-ad79-596207e884b9","__parent":"waste_station","position":[23.0006523,-117.151901,36.5805016],"annotation":"OBSTACLES","isRenderEnabled":false,"rotationMatrix":[0.617716551,0.786400855,0,-0.786400855,0.617716551,0,0,0,1],"shapeName":"/levels/industrial/art/shapes/buildings/ind_mesh_fence_4m.dae"}
{"class":"TSStatic","persistentId":"337db8ad-72fd-4ce0-8a19-7d18e0d9427c","__parent":"waste_station","position":[55.9971619,-69.9174347,37.4120293],"isRenderEnabled":false,"rotationMatrix":[0.995190322,-0.0139373019,-0.0969637483,0.00705707539,0.997455597,-0.0709410235,0.0977057666,0.0699155331,0.992756546],"shapeName":"/levels/industrial/art/shapes/buildings/debris/small_pile_c.DAE"}
{"class":"TSStatic","persistentId":"34e4ed7b-6314-4672-8c12-f2e34f0513b7","__parent":"waste_station","position":[10.0509996,-114.572258,35.7592239],"annotation":"OBSTACLES","isRenderEnabled":false,"rotationMatrix":[-0.815519691,0.578729391,0,-0.578729391,-0.815519691,0,0,0,1],"shapeName":"/levels/industrial/art/shapes/buildings/ind_mesh_fence_4m.dae"}
{"class":"TSStatic","persistentId":"3767269e-7248-47df-a84c-0392f998ec94","__parent":"waste_station","position":[28.0578423,-110.781258,36.5368156],"annotation":"OBSTACLES","isRenderEnabled":false,"rotationMatrix":[0.617716551,0.786400855,0,-0.786400855,0.617716551,0,0,0,1],"shapeName":"/levels/industrial/art/shapes/buildings/ind_mesh_fence_4m.dae"}
{"class":"TSStatic","persistentId":"3981e122-59e3-4dfb-ae37-9c495890740d","__parent":"waste_station","position":[79.2679214,-46.479866,36.2317123],"annotation":"OBSTACLES","isRenderEnabled":false,"rotationMatrix":[0.365438074,0.930835724,0,-0.930835724,0.365438074,0,0,0,1],"shapeName":"/levels/industrial/art/shapes/buildings/ind_mesh_fence_4m.dae"}
{"class":"TSStatic","persistentId":"3ec23254-b144-44de-a99d-15df3c5c2be0","__parent":"waste_station","position":[103.323929,-43.778656,37.6286697],"annotation":"OBSTACLES","isRenderEnabled":false,"rotationMatrix":[0.166667685,0.986012757,0,-0.986012757,0.166667685,0,0,0,1],"shapeName":"/levels/industrial/art/shapes/buildings/ind_mesh_fence_gate_3m.dae"}
{"class":"TSStatic","persistentId":"414b6ccb-83eb-453a-81ca-e357b710b6d4","__parent":"waste_station","position":[49.2622337,-78.3528519,36.7805023],"isRenderEnabled":false,"rotationMatrix":[-0.993380904,0.112610795,-0.0226567369,-0.1096076,-0.988274872,-0.106296435,-0.0343612097,-0.103109494,0.994076371],"shapeName":"/levels/industrial/art/shapes/buildings/debris/metal_pile.DAE"}
{"class":"TSStatic","persistentId":"461acd76-6d67-4023-b077-af5f7323cfee","__parent":"waste_station","position":[-54.7913475,-89.1149216,36.4986572],"annotation":"OBSTACLES","isRenderEnabled":false,"rotationMatrix":[-0.810029864,-0.586388707,0,0.586388648,-0.810029864,0,0,0,1],"shapeName":"/levels/industrial/art/shapes/buildings/ind_mesh_fence_4m.dae"}
{"class":"TSStatic","persistentId":"47a61d2c-97ef-417d-b4c8-04d417784943","__parent":"waste_station","position":[52.2173843,-77.8283844,36.6909065],"isRenderEnabled":false,"rotationMatrix":[0.402499467,-0.907541275,-0.119845212,0.909236312,0.41153127,-0.0627015606,0.106224313,-0.0837302878,0.990810633],"shapeName":"/levels/industrial/art/shapes/buildings/debris/big_pile.DAE"}
{"class":"TSStatic","persistentId":"49d20e76-5a11-4acd-909b-1741f334f4f3","__parent":"waste_station","position":[102.453651,-27.3817463,35.8237114],"annotation":"OBSTACLES","isRenderEnabled":false,"rotationMatrix":[-0.179168835,-0.983817279,0,0.983817279,-0.179168835,0,0,0,1],"shapeName":"/levels/industrial/art/shapes/buildings/weight_station.dae"}
{"class":"TSStatic","persistentId":"4bf472f4-38ea-4e1a-9815-324de13840d8","__parent":"waste_station","position":[50.468399,-77.6673584,37.0206871],"isRenderEnabled":false,"rotationMatrix":[-0.506759167,0.858699739,0.0763548538,-0.861791074,-0.50227046,-0.0709972605,-0.0226145461,-0.101780429,0.99454987],"shapeName":"/levels/industrial/art/shapes/buildings/debris/small_pile_b.DAE"}
{"class":"TSStatic","persistentId":"4ecc341c-9704-45fc-b773-c8dcd907a5a2","__parent":"waste_station","position":[2.60392332,-61.5606766,36.7827835],"decalType":"None","isRenderEnabled":false,"rotationMatrix":[-0.461971492,-0.886894941,0,0.886894941,-0.461971492,0,0,0,1],"shapeName":"/levels/industrial/art/shapes/buildings/industrial_clutters/cbbox_medium_dirt.DAE"}
{"class":"TSStatic","persistentId":"4f8c0a82-cf2a-425d-912b-7bf8b6e4d7e9","__parent":"waste_station","position":[54.0345612,-71.5320053,37.0936012],"isRenderEnabled":false,"rotationMatrix":[-0.986380041,0.112656787,-0.119845249,-0.105727933,-0.992416382,-0.0627018139,-0.126000166,-0.0491768271,0.990810633],"shapeName":"/levels/industrial/art/shapes/buildings/debris/big_pile.DAE"}
{"class":"TSStatic","persistentId":"55ceddf4-f70d-4413-942c-302d6b5b8d90","__parent":"waste_station","position":[90.9702759,-25.0296364,35.888813],"annotation":"OBSTACLES","isRenderEnabled":false,"rotationMatrix":[-0.179168835,-0.983817279,0,0.983817279,-0.179168835,0,0,0,1],"shapeName":"/levels/industrial/art/shapes/buildings/weight_station.dae"}
{"class":"TSStatic","persistentId":"56bb49b1-eac0-4e88-a7ae-153cea4440de","__parent":"waste_station","position":[10.569335,-40.5134392,37.227459],"isRenderEnabled":false,"rotationMatrix":[-0.963696539,0.211938426,-0.162391886,-0.213970408,-0.976826966,-0.00507800141,-0.159704998,0.0298534054,0.98671329],"shapeName":"/levels/industrial/art/shapes/buildings/debris/medium_pile.DAE"}
{"class":"TSStatic","persistentId":"57cb7383-fc25-47f8-b4a3-e852ec4c243f","__parent":"waste_station","position":[56.9872208,-67.2363281,36.9471207],"isRenderEnabled":false,"rotationMatrix":[0.0252652112,0.986402988,-0.162391216,-0.999680281,0.0247693341,-0.0050777779,-0.000986413332,0.162467569,0.986713409],"shapeName":"/levels/industrial/art/shapes/buildings/debris/medium_pile.DAE"}
{"class":"TSStatic","persistentId":"5b6ab6f2-b2a1-4a71-aa9c-a7eb0aff4f99","__parent":"waste_station","position":[15.7639122,-58.5841522,38.9984131],"isRenderEnabled":false,"shapeName":"/levels/industrial/art/shapes/buildings/industrial_clutters/plastic_bucket.DAE"}
{"class":"TSStatic","persistentId":"5c6458f8-34a6-4a5a-8051-8371f295944a","__parent":"waste_station","position":[3.03321409,-61.3616714,36.8568535],"decalType":"None","isRenderEnabled":false,"rotationMatrix":[0.383126169,0.92369616,0,-0.92369616,0.383126169,0,0,0,1],"shapeName":"/levels/industrial/art/shapes/buildings/industrial_clutters/plastic_bucket.DAE"}
{"class":"TSStatic","persistentId":"60e52e9d-b775-4607-ad9a-2252ef075dd2","__parent":"waste_station","position":[23.6119556,-49.3704796,37.2269325],"isRenderEnabled":false,"rotationMatrix":[0.351455927,-0.9222911,0.160803646,0.161763608,-0.109353423,-0.980751872,0.922123194,0.370703191,0.110760212],"shapeName":"/levels/industrial/art/shapes/buildings/industrial_clutters/old_can_a.DAE"}
{"class":"TSStatic","persistentId":"60fa802a-1b94-4f32-bfbf-4239c3895c64","__parent":"waste_station","position":[15.8385372,-63.0802841,38.9460487],"annotation":"OBSTACLES","decalType":"None","isRenderEnabled":false,"rotationMatrix":[-0.85774678,0.514072537,0,-0.514072537,-0.85774672,0,0,0,1],"shapeName":"/levels/industrial/art/shapes/buildings/industrial_clutters/ind_dumpster_full.DAE"}
{"class":"TSStatic","persistentId":"64b94eb1-25d5-4df8-ac1f-da98f0c3e6a7","__parent":"waste_station","position":[24.2021866,-48.7940559,36.9707489],"isRenderEnabled":false,"rotationMatrix":[0.996708035,-0.00281493785,-0.0810256451,-0.00328153279,0.997177422,-0.0750098526,0.0810080916,0.0750288069,0.993885517],"shapeName":"/levels/industrial/art/shapes/buildings/industrial_clutters/old_can_b.DAE"}
{"class":"TSStatic","persistentId":"653e120f-c1f7-45ee-8ab0-e2a69e14c8cd","__parent":"waste_station","position":[25.5040359,-113.971878,36.5414009],"annotation":"OBSTACLES","isRenderEnabled":false,"rotationMatrix":[0.617716551,0.786400855,0,-0.786400855,0.617716551,0,0,0,1],"shapeName":"/levels/industrial/art/shapes/buildings/ind_mesh_fence_4m.dae"}
{"class":"TSStatic","persistentId":"694f54d8-0262-4f11-b564-7427a22ca0c3","__parent":"waste_station","position":[55.0593109,-70.1055908,37.4233818],"isRenderEnabled":false,"rotationMatrix":[0.997078836,0.00197784323,0.0763547495,0.00345823914,0.997470558,-0.0709972605,-0.0763020292,0.0710539073,0.994549811],"shapeName":"/levels/industrial/art/shapes/buildings/debris/small_pile_b.DAE"}
{"class":"TSStatic","persistentId":"6d7e8262-598f-4f7d-ae33-657b8179c5eb","__parent":"waste_station","position":[17.003788,-57.6081161,38.9622536],"isRenderEnabled":false,"shapeName":"/levels/industrial/art/shapes/buildings/industrial_clutters/cbbox_medium_dirt.DAE"}
{"class":"TSStatic","persistentId":"6dcf819a-37da-4c05-8222-91196990cff5","__parent":"waste_station","position":[30.0014782,-97.3919754,36.3687325],"annotation":"OBSTACLES","decalType":"None","isRenderEnabled":false,"rotationMatrix":[0.984399915,-0.17594789,0,0.17594789,0.984399915,0,0,0,1],"shapeName":"/levels/industrial/art/shapes/buildings/industrial_clutters/ind_clutter_mix.DAE"}
{"class":"TSStatic","persistentId":"6e6f09d2-e1ac-4c69-9b3c-f2aa502a35fd","__parent":"waste_station","position":[9.3797369,-83.5025864,36.1716347],"decalType":"None","isRenderEnabled":false,"shapeName":"/levels/industrial/art/shapes/buildings/debris/metal_pile.DAE"}
{"class":"TSStatic","persistentId":"728998fd-d872-435f-9bd6-91eacc9689cf","__parent":"waste_station","position":[16.1770802,-58.3373642,39.0792389],"isRenderEnabled":false,"rotationMatrix":[3.57627869e-07,0,0.999999881,0,1,0,-0.999999881,0,3.57627869e-07],"shapeName":"/levels/industrial/art/shapes/buildings/industrial_clutters/old_can_b.DAE"}
{"class":"TSStatic","persistentId":"753724d9-f88e-4d1a-8bf7-743b9909c12d","__parent":"waste_station","position":[38.8049583,-98.321167,36.4191322],"isRenderEnabled":false,"rotationMatrix":[0.574784398,0.818303585,0,-0.818303585,0.574784398,0,0,0,1],"shapeName":"/levels/industrial/art/shapes/buildings/weight_station_barrier.dae"}
{"class":"TSStatic","persistentId":"7a264aad-e461-4c2b-abf1-a31a8a3f7b78","__parent":"waste_station","position":[59.2342796,-69.2135391,37.1728134],"isRenderEnabled":false,"rotationMatrix":[0.172743455,-0.984504879,-0.0301632304,0.978567064,0.175025865,-0.108501598,0.112099692,-0.010773805,0.993638635],"shapeName":"/levels/industrial/art/shapes/buildings/debris/small_pile_d.DAE"}
{"class":"TSStatic","persistentId":"7ccd3327-a10f-4f91-b80d-ceb19019738c","__parent":"waste_station","position":[55.8295517,-68.4184952,37.2575417],"isRenderEnabled":false,"rotationMatrix":[0.999397635,-0.0171654373,-0.0301633142,0.0137980077,0.994000614,-0.10850133,0.0318448208,0.108019769,0.993638635],"shapeName":"/levels/industrial/art/shapes/buildings/debris/small_pile_d.DAE"}
{"class":"TSStatic","persistentId":"7f41f570-9470-47eb-aba4-544c77c4464a","__parent":"waste_station","position":[80.7960587,-42.6896019,36.3547249],"annotation":"OBSTACLES","isRenderEnabled":false,"rotationMatrix":[0.365438074,0.930835724,0,-0.930835724,0.365438074,0,0,0,1],"shapeName":"/levels/industrial/art/shapes/buildings/ind_mesh_fence_4m.dae"}
{"class":"TSStatic","persistentId":"80112d93-362a-4fc4-a424-32de9aa874db","__parent":"waste_station","position":[2.65856123,-60.8191986,36.7837257],"decalType":"None","isRenderEnabled":false,"rotationMatrix":[-0.0167271905,-0.976046562,0.216916218,0.997039795,3.25962901e-08,0.0768854618,-0.0750438198,0.217560247,0.973157525],"shapeName":"/levels/industrial/art/shapes/buildings/industrial_clutters/cbbox_large_dirt.DAE"}
{"class":"TSStatic","persistentId":"810e57dc-70e7-45cc-a888-d46ea2fc1c12","__parent":"waste_station","position":[42.9181252,-68.6984253,39.0627327],"isRenderEnabled":false,"rotationMatrix":[0.632883728,0.774068952,0.0166221075,-0.770315945,0.631686568,-0.0870972648,-0.077919215,0.0423182212,0.996060967],"shapeName":"/levels/industrial/art/shapes/buildings/industrial_clutters/ind_dumpster_empty.DAE"}
{"class":"TSStatic","persistentId":"823ae59e-069a-4f42-89aa-f2edbf20c992","__parent":"waste_station","position":[64.3258972,-70.3181686,37.5330582],"annotation":"OBSTACLES","isRenderEnabled":false,"rotationMatrix":[0.721861184,0.690108955,-0.0516388491,-0.640358925,0.637800574,-0.427961469,-0.262404561,0.341996402,0.90231961],"shapeName":"/levels/industrial/art/shapes/buildings/ind_mesh_fence_4m.dae"}
{"class":"TSStatic","persistentId":"82bc2749-9a9b-40f1-9943-c02d829ca44a","__parent":"waste_station","position":[-58.0312195,-91.4729919,36.6501617],"annotation":"OBSTACLES","isRenderEnabled":false,"rotationMatrix":[-0.818361044,-0.574704528,0,0.574704528,-0.818361044,0,0,0,1],"shapeName":"/levels/industrial/art/shapes/buildings/ind_mesh_fence_4m.dae"}
{"class":"TSStatic","persistentId":"8369b7c2-4b15-4b49-b64d-21537cc764e6","__parent":"waste_station","position":[51.194931,-76.5644684,36.8881531],"isRenderEnabled":false,"rotationMatrix":[-0.503415108,0.860470057,-0.0785148069,-0.86260426,-0.505741477,-0.0118116252,-0.049871739,0.0617810525,0.99684298],"scale":[1.04823148,1.04823148,1.04823148],"shapeName":"/levels/industrial/art/shapes/buildings/debris/medium_pile.DAE"}
{"class":"TSStatic","persistentId":"85d66aea-67ee-4e2b-9ec9-75ab4305f622","__parent":"waste_station","position":[16.2660484,-58.0149956,39.1888123],"isRenderEnabled":false,"rotationMatrix":[1,-1.04216079e-14,1.74845553e-07,1.04216079e-14,-0.999999762,-1.19209282e-07,1.74845553e-07,1.19209282e-07,-0.999999762],"shapeName":"/levels/industrial/art/shapes/buildings/industrial_clutters/old_can_b.DAE"}
{"class":"TSStatic","persistentId":"89f886b2-b0a3-453a-97a8-2c208a9959d4","__parent":"waste_station","position":[12.1866369,-38.9821663,37.3788071],"isRenderEnabled":false,"rotationMatrix":[0.600275338,0.799472451,-0.0226567332,-0.796591282,0.595099568,-0.106296614,-0.0714982003,0.0818553865,0.994076371],"shapeName":"/levels/industrial/art/shapes/buildings/debris/metal_pile.DAE"}
{"class":"TSStatic","persistentId":"8acfc1c8-a0a7-4822-974f-aa4969e43b33","__parent":"waste_station","position":[57.7943459,-69.6624908,37.327301],"isRenderEnabled":false,"rotationMatrix":[0.175114408,-0.97976172,-0.0969633162,0.980680585,0.182299405,-0.0709410757,0.0871816948,-0.0826672316,0.992756486],"shapeName":"/levels/industrial/art/shapes/buildings/debris/small_pile_c.DAE"}
{"class":"TSStatic","persistentId":"8bb73f13-3d27-4604-972f-2fddbb23ab81","__parent":"waste_station","position":[83.5753479,-41.3607292,36.3153763],"annotation":"OBSTACLES","isRenderEnabled":false,"rotationMatrix":[0.966269135,-0.257534653,0,0.257534653,0.966269135,0,0,0,1],"shapeName":"/levels/industrial/art/shapes/buildings/ind_mesh_fence_4m_damaged.dae"}
{"class":"TSStatic","persistentId":"8cf54710-faf9-4efd-942b-7e6282a28883","__parent":"waste_station","position":[16.4872055,-60.7772942,38.965023],"annotation":"OBSTACLES","decalType":"None","isRenderEnabled":false,"rotationMatrix":[0.984399915,-0.17594789,0,0.17594789,0.984399915,0,0,0,1],"shapeName":"/levels/industrial/art/shapes/buildings/industrial_clutters/ind_clutter_mix.DAE"}
{"class":"TSStatic","persistentId":"8d70bf3f-b73c-412a-9083-ce8f4947b9c0","__parent":"waste_station","position":[52.7058678,-81.8604126,36.6986237],"annotation":"OBSTACLES","isRenderEnabled":false,"rotationMatrix":[0.707106769,0.707106471,0,-0.707106471,0.707106769,0,0,0,1],"shapeName":"/levels/industrial/art/shapes/buildings/ind_mesh_fence_4m.dae"}
{"class":"TSStatic","persistentId":"8de23240-e788-49f2-9f75-360dd6c96803","__parent":"waste_station","position":[4.09704018,-54.5013199,37.2188263],"decalType":"None","isRenderEnabled":false,"rotationMatrix":[-0.0787768587,-0.92049855,0.382722586,0.974787474,0.00927163195,0.22294271,-0.208766907,0.390635937,0.896560133],"shapeName":"/levels/industrial/art/shapes/buildings/industrial_clutters/cbbox_medium_dirt.DAE"}
{"class":"TSStatic","persistentId":"90383845-937d-4bd9-a050-93fe876485dd","__parent":"waste_station","position":[55.0792122,-68.7183609,37.183197],"isRenderEnabled":false,"rotationMatrix":[0.600275338,0.799472451,-0.0226567332,-0.796591282,0.595099568,-0.106296614,-0.0714982003,0.0818553865,0.994076371],"shapeName":"/levels/industrial/art/shapes/buildings/debris/metal_pile.DAE"}
{"class":"TSStatic","persistentId":"91bdbda3-2efa-456b-8431-e73d022d014b","__parent":"waste_station","position":[24.4332848,-49.9934731,37.3219757],"isRenderEnabled":false,"rotationMatrix":[0.0233598351,-0.34473747,-0.938408375,-0.229675055,0.911707103,-0.340645671,0.972986937,0.223486423,-0.0578802824],"shapeName":"/levels/industrial/art/shapes/buildings/industrial_clutters/old_can_a.DAE"}
{"class":"TSStatic","persistentId":"946d1969-90d8-4144-846b-79c6073173e4","__parent":"waste_station","position":[11.3750916,-83.9317093,36.1640396],"decalType":"None","isRenderEnabled":false,"rotationMatrix":[0.412300646,0.911047816,0,-0.911047816,0.412300646,0,0,0,1],"shapeName":"/levels/industrial/art/shapes/buildings/debris/metal_pile.DAE"}
{"class":"TSStatic","persistentId":"96352c33-4d86-4c3e-8db6-12674ba54305","__parent":"waste_station","position":[-9.84048271,-100.285156,36.3471909],"annotation":"OBSTACLES","isRenderEnabled":false,"rotationMatrix":[-0.807131112,0.590372324,0,-0.590372324,-0.807131112,0,0,0,1],"shapeName":"/levels/industrial/art/shapes/buildings/ind_mesh_fence_4m.dae"}
{"class":"TSStatic","persistentId":"9bf58d60-2848-4598-a800-170701d520d1","__parent":"waste_station","position":[58.797493,-68.5337219,37.0984688],"isRenderEnabled":false,"rotationMatrix":[0.898832858,-0.437705576,-0.0226567294,0.433170468,0.895022094,-0.106296107,0.0668046772,0.0857282132,0.994076371],"shapeName":"/levels/industrial/art/shapes/buildings/debris/metal_pile.DAE"}
{"class":"TSStatic","persistentId":"a32138c2-8f34-4e6c-b3f4-3473ca793751","__parent":"waste_station","position":[43.9999962,-90.5108109,36.4687347],"annotation":"OBSTACLES","isRenderEnabled":false,"rotationMatrix":[0.707106769,0.707106471,0,-0.707106471,0.707106769,0,0,0,1],"shapeName":"/levels/industrial/art/shapes/buildings/ind_mesh_fence_4m.dae"}
{"class":"TSStatic","persistentId":"a8c70602-b35b-4d7f-b1c2-606f3f933ec6","__parent":"waste_station","position":[76.2746506,-54.0991478,36.296627],"annotation":"OBSTACLES","isRenderEnabled":false,"rotationMatrix":[0.365438074,0.930835724,0,-0.930835724,0.365438074,0,0,0,1],"shapeName":"/levels/industrial/art/shapes/buildings/ind_mesh_fence_4m.dae"}
{"class":"TSStatic","persistentId":"a8f2851f-2a50-455b-a125-5a05e3e4f008","__parent":"waste_station","position":[49.7897682,-84.7236481,36.6206474],"annotation":"OBSTACLES","isRenderEnabled":false,"rotationMatrix":[0.707106769,0.707106471,0,-0.707106471,0.707106769,0,0,0,1],"shapeName":"/levels/industrial/art/shapes/buildings/ind_mesh_fence_4m.dae"}
{"class":"TSStatic","persistentId":"aa0802ac-d346-4801-877d-95a9ae855f69","__parent":"waste_station","position":[58.486763,-76.1384048,37.5341339],"annotation":"OBSTACLES","isRenderEnabled":false,"rotationMatrix":[0.707106769,0.707106471,0,-0.707106471,0.707106769,0,0,0,1],"shapeName":"/levels/industrial/art/shapes/buildings/ind_mesh_fence_4m.dae"}
{"class":"TSStatic","persistentId":"ab13c105-2051-40c0-98dc-f4ac17210c02","__parent":"waste_station","position":[-6.571527,-102.702599,36.3494377],"annotation":"OBSTACLES","isRenderEnabled":false,"rotationMatrix":[-0.807131112,0.590372324,0,-0.590372324,-0.807131112,0,0,0,1],"shapeName":"/levels/industrial/art/shapes/buildings/ind_mesh_fence_4m.dae"}
{"class":"TSStatic","persistentId":"b190dfb5-033c-44a5-b450-126ff0c451ef","__parent":"waste_station","position":[12.1667366,-40.3693962,37.6189919],"isRenderEnabled":false,"rotationMatrix":[0.997078836,0.00197784323,0.0763547495,0.00345823914,0.997470558,-0.0709972605,-0.0763020292,0.0710539073,0.994549811],"shapeName":"/levels/industrial/art/shapes/buildings/debris/small_pile_b.DAE"}
{"class":"TSStatic","persistentId":"b2eb094e-2420-4450-902b-010b8e4f3947","__parent":"waste_station","position":[35.1099548,-97.51651,36.3782768],"isRenderEnabled":false,"rotationMatrix":[-0.810488999,0.585755706,0,-0.585755706,-0.810488999,0,0,0,1],"shapeName":"/levels/industrial/art/shapes/buildings/waste_transfer_control_cabin.dae"}
{"class":"TSStatic","persistentId":"b2f9b96f-0d5c-4bca-81a8-c0f473edf39d","__parent":"waste_station","position":[7.66367769,-50.2137756,37.0272865],"isRenderEnabled":false,"rotationMatrix":[-0.524604559,0.845287621,-0.101387076,-0.83685565,-0.533884168,-0.120992333,-0.15640226,0.0213732775,0.987461627],"shapeName":"/levels/industrial/art/shapes/buildings/industrial_clutters/ind_dumpster_empty.DAE"}
{"class":"TSStatic","persistentId":"b4834218-eba4-4b15-a08d-ac389f74d1aa","__parent":"waste_station","position":[74.7916565,-57.8648262,36.4392548],"annotation":"OBSTACLES","isRenderEnabled":false,"rotationMatrix":[0.365438074,0.930835724,0,-0.930835724,0.365438074,0,0,0,1],"shapeName":"/levels/industrial/art/shapes/buildings/ind_mesh_fence_4m.dae"}
{"class":"TSStatic","persistentId":"b541b728-fd58-4075-bd5b-d9b6acda11c4","__parent":"waste_station","position":[12.7496729,-41.5544624,37.4864578],"isRenderEnabled":false,"rotationMatrix":[0.996911347,-0.00180195761,-0.0785146356,0.00087715144,0.999929845,-0.011811669,0.0785304084,0.0117063196,0.99684304],"scale":[1.04823148,1.04823148,1.04823148],"shapeName":"/levels/industrial/art/shapes/buildings/debris/medium_pile.DAE"}
{"class":"TSStatic","persistentId":"b5554ef4-120e-4de5-a34d-44bc9b298b35","__parent":"waste_station","position":[20.5790367,-120.344566,36.428997],"annotation":"OBSTACLES","isRenderEnabled":false,"rotationMatrix":[0.606367826,0.795184314,0,-0.795184314,0.606367826,0,0,0,1],"shapeName":"/levels/industrial/art/shapes/buildings/ind_mesh_fence_4m.dae"}
{"class":"TSStatic","persistentId":"b56e94fb-9ea8-45f2-be8e-02031f1f6c59","__parent":"waste_station","position":[14.3705654,-67.6781693,38.981884],"annotation":"OBSTACLES","decalType":"None","isRenderEnabled":false,"rotationMatrix":[0.00951138232,-0.99995482,0,0.99995482,0.00951138232,0,0,0,1],"shapeName":"/levels/industrial/art/shapes/buildings/industrial_clutters/metal_drum_old_b.DAE"}
{"class":"TSStatic","persistentId":"b5cb3413-ee01-4aeb-a5a9-068d30099fa9","__parent":"waste_station","position":[115.478508,-44.5630035,36.17239],"annotation":"OBSTACLES","isRenderEnabled":false,"rotationMatrix":[0.999511957,-0.0312395841,0,0.0312395841,0.999511957,0,0,0,1],"shapeName":"/levels/industrial/art/shapes/buildings/ind_mesh_fence_4m.dae"}
{"class":"TSStatic","persistentId":"b9db2409-e14b-436a-a39c-d261f89b8f84","__parent":"waste_station","position":[-13.1168652,-97.8423233,36.3426056],"annotation":"OBSTACLES","isRenderEnabled":false,"rotationMatrix":[-0.807131112,0.590372324,0,-0.590372324,-0.807131112,0,0,0,1],"shapeName":"/levels/industrial/art/shapes/buildings/ind_mesh_fence_4m.dae"}
{"class":"TSStatic","persistentId":"bb57e1b3-5eda-4c72-bd66-3216bfc1f99f","__parent":"waste_station","position":[55.6422462,-71.290657,37.2908478],"isRenderEnabled":false,"rotationMatrix":[0.996911347,-0.00180195761,-0.0785146356,0.00087715144,0.999929845,-0.011811669,0.0785304084,0.0117063196,0.99684304],"scale":[1.04823148,1.04823148,1.04823148],"shapeName":"/levels/industrial/art/shapes/buildings/debris/medium_pile.DAE"}
{"class":"TSStatic","persistentId":"bb732472-78d4-42f4-9fb3-ccdb15fa3768","__parent":"waste_station","position":[14.0438786,-59.8250122,39.0606766],"isRenderEnabled":false,"rotationMatrix":[0.583659232,0.812000334,0,-0.812000334,0.583659232,0,0,0,1],"shapeName":"/levels/industrial/art/shapes/buildings/waste_transfer_control_cabin.dae"}
{"class":"TSStatic","persistentId":"be5c34b9-b748-4059-996f-c61d82fabd70","__parent":"waste_station","position":[111.433456,-44.4322624,36.3150177],"annotation":"OBSTACLES","isRenderEnabled":false,"rotationMatrix":[0.999511957,-0.0312395841,0,0.0312395841,0.999511957,0,0,0,1],"shapeName":"/levels/industrial/art/shapes/buildings/ind_mesh_fence_4m.dae"}
{"class":"TSStatic","persistentId":"bf44f9aa-ef70-40d7-8287-5f95f936b549","__parent":"waste_station","position":[109.409988,-44.3706856,37.583992],"annotation":"OBSTACLES","isRenderEnabled":false,"rotationMatrix":[0.263417214,0.964682341,0,-0.964682341,0.263417214,0,0,0,1],"shapeName":"/levels/industrial/art/shapes/buildings/ind_mesh_fence_gate_3m.dae"}
{"class":"TSStatic","persistentId":"bf45e30c-8cab-4fdd-8873-2c5c93d630c2","__parent":"waste_station","position":[72.5261917,-61.297802,36.5058784],"annotation":"OBSTACLES","isRenderEnabled":false,"rotationMatrix":[0.711433291,0.702745974,-0.00307688955,-0.581616044,0.586337447,-0.563854694,-0.39444229,0.402934819,0.82586813],"shapeName":"/levels/industrial/art/shapes/buildings/ind_mesh_fence_4m.dae"}
{"class":"TSStatic","persistentId":"c1ef453b-59c1-41bd-a783-3f13ac258e54","__parent":"waste_station","position":[27.3134556,-51.5287743,37.005722],"isRenderEnabled":false,"rotationMatrix":[-0.0206196718,-0.42373839,-0.905550838,-0.990567684,0.131383061,-0.0389235094,0.135467097,0.896205783,-0.422450393],"shapeName":"/levels/industrial/art/shapes/buildings/industrial_clutters/plastic_bucket.DAE"}
{"class":"TSStatic","persistentId":"c25f9e20-b297-4c2c-9360-f970a9a772ff","__parent":"waste_station","position":[96.1982346,-49.6261902,36.1015739],"isRenderEnabled":false,"rotationMatrix":[0.984193742,-0.177093446,0,0.177093446,0.984193742,0,0,0,1],"shapeName":"/levels/industrial/art/shapes/buildings/weight_station_barrier.dae"}
{"class":"TSStatic","persistentId":"c52590b3-dd08-4f0b-8777-8168b47d9523","__parent":"waste_station","position":[51.4017487,-78.9716949,36.6291542],"isRenderEnabled":false,"rotationMatrix":[0.305407047,-0.938272595,-0.162391558,0.950623214,0.310306013,-0.00507787056,0.0551555045,-0.15282236,0.98671335],"shapeName":"/levels/industrial/art/shapes/buildings/debris/medium_pile.DAE"}
{"class":"TSStatic","persistentId":"c575b38c-f52c-435c-9b2d-d035bfd4ad0c","__parent":"waste_station","position":[6.75291824,-112.226555,36.3583832],"annotation":"OBSTACLES","isRenderEnabled":false,"rotationMatrix":[-0.815519691,0.578729391,0,-0.578729391,-0.815519691,0,0,0,1],"shapeName":"/levels/industrial/art/shapes/buildings/ind_mesh_fence_4m.dae"}
{"class":"TSStatic","persistentId":"c97e4f9b-3e88-4d56-9037-5e0da511bc1f","__parent":"waste_station","position":[34.2997894,-102.405106,36.604084],"annotation":"OBSTACLES","isRenderEnabled":false,"rotationMatrix":[0.617716551,0.786400855,0,-0.786400855,0.617716551,0,0,0,1],"shapeName":"/levels/industrial/art/shapes/buildings/ind_mesh_fence_4m.dae"}
{"class":"TSStatic","persistentId":"cae20b3f-94c1-435e-a384-b7fa39875048","__parent":"waste_station","position":[97.050621,-29.230732,36.5837479],"isRenderEnabled":false,"rotationMatrix":[0.983003676,-0.183585927,0,0.183585927,0.983003676,0,0,0,1],"shapeName":"/levels/industrial/art/shapes/buildings/weight_station_house.dae"}
{"class":"TSStatic","persistentId":"dc3c0c76-5f87-4a13-83cf-3fc1789b800e","__parent":"waste_station","position":[56.3787079,-69.574585,37.2061195],"isRenderEnabled":false,"rotationMatrix":[0.187355861,-0.979149222,-0.0785143673,0.981937587,0.188836545,-0.0118116792,0.02639178,-0.07488323,0.99684304],"scale":[1.04823148,1.04823148,1.04823148],"shapeName":"/levels/industrial/art/shapes/buildings/debris/medium_pile.DAE"}
{"class":"TSStatic","persistentId":"e5fad941-7f12-4cfa-b169-aad5e78d19fa","__parent":"waste_station","position":[57.4317207,-68.7773743,37.3386536],"isRenderEnabled":false,"rotationMatrix":[0.19109866,-0.978596568,0.0763548538,0.980012476,0.1858356,-0.0709972307,0.0552882068,0.088396199,0.99454987],"shapeName":"/levels/industrial/art/shapes/buildings/debris/small_pile_b.DAE"}
{"class":"TSStatic","persistentId":"ea5eaf7a-328f-428a-907b-9cf94cf5e5fc","__parent":"waste_station","position":[14.1778708,-118.448257,36.3663139],"annotation":"OBSTACLES","isRenderEnabled":false,"rotationMatrix":[0.831876874,-0.55496031,0,0.55496031,0.831876874,0,0,0,1],"shapeName":"/levels/industrial/art/shapes/buildings/ind_mesh_fence_4m.dae"}
{"class":"TSStatic","persistentId":"ec486e06-65a1-41c4-9659-c420ecb189d3","__parent":"waste_station","position":[4.57084227,-61.5591354,37.0047112],"decalType":"None","isRenderEnabled":false,"rotationMatrix":[-2.76610734e-08,1.10924203e-08,0.99999994,0.372199982,0.928152919,-6.61970478e-15,-0.9281528,0.372200012,-2.98022957e-08],"shapeName":"/levels/industrial/art/shapes/buildings/industrial_clutters/plastic_can_small.DAE"}
{"class":"TSStatic","persistentId":"eddac392-6025-4b40-9d63-e549debd787d","__parent":"waste_station","position":[13.1045876,-40.1812401,37.6076393],"isRenderEnabled":false,"rotationMatrix":[0.995190322,-0.0139373019,-0.0969637483,0.00705707539,0.997455597,-0.0709410235,0.0977057666,0.0699155331,0.992756546],"shapeName":"/levels/industrial/art/shapes/buildings/debris/small_pile_c.DAE"}
{"class":"TSStatic","persistentId":"f0a81142-39a9-4d30-ace9-0ab6e039d6d8","__parent":"waste_station","position":[3.63194203,-54.201355,36.705883],"annotation":"OBSTACLES","decalType":"None","isRenderEnabled":false,"rotationMatrix":[-0.85774678,0.514072537,0,-0.514072537,-0.85774672,0,0,0,1],"shapeName":"/levels/industrial/art/shapes/buildings/industrial_clutters/ind_dumpster_full.DAE"}
{"class":"TSStatic","persistentId":"f61c9e5b-1f15-4be1-9652-b49fe6d8dde1","__parent":"waste_station","position":[55.5706635,-79.0016403,37.2252426],"annotation":"OBSTACLES","isRenderEnabled":false,"rotationMatrix":[0.707106769,0.707106471,0,-0.707106471,0.707106769,0,0,0,1],"shapeName":"/levels/industrial/art/shapes/buildings/ind_mesh_fence_4m.dae"}
{"class":"TSStatic","persistentId":"f6838af0-b227-4ab1-89f6-a68a52b9b36b","__parent":"waste_station","position":[-3.23298168,-105.091995,36.3668976],"annotation":"OBSTACLES","isRenderEnabled":false,"rotationMatrix":[-0.815519691,0.578729391,0,-0.578729391,-0.815519691,0,0,0,1],"shapeName":"/levels/industrial/art/shapes/buildings/ind_mesh_fence_4m.dae"}
{"class":"TSStatic","persistentId":"f85c5eef-f082-439e-92f1-6501bfe7bdb5","__parent":"waste_station","position":[12.9369783,-38.6823006,37.4531517],"isRenderEnabled":false,"rotationMatrix":[0.999397635,-0.0171654373,-0.0301633142,0.0137980077,0.994000614,-0.10850133,0.0318448208,0.108019769,0.993638635],"shapeName":"/levels/industrial/art/shapes/buildings/debris/small_pile_d.DAE"}
{"class":"TSStatic","persistentId":"fbead34e-c53f-4d7e-bc68-3618a5bebc01","__parent":"waste_station","position":[-48.1593819,-84.3161316,36.4359703],"annotation":"OBSTACLES","isRenderEnabled":false,"rotationMatrix":[-0.810029864,-0.586388707,0,0.586388648,-0.810029864,0,0,0,1],"shapeName":"/levels/industrial/art/shapes/buildings/ind_mesh_fence_4m.dae"}
{"class":"TSStatic","persistentId":"fdc74fff-819f-4bbf-91be-a6708a1180f5","__parent":"waste_station","position":[48.6236305,-77.8578262,36.854847],"isRenderEnabled":false,"rotationMatrix":[-0.49142763,0.870395958,-0.0301632471,-0.864036798,-0.491597295,-0.108501561,-0.109267496,-0.0272585116,0.993638635],"shapeName":"/levels/industrial/art/shapes/buildings/debris/small_pile_d.DAE"}
