{"name":"obstacles_group","class":"SimGroup","persistentId":"d06e9815-33b1-4402-a3c9-47deff5d19f6","groupPosition":"0 0 0"}
{"class":"TSStatic","persistentId":"03353951-8ad7-4f93-8249-aeb65c99573c","__parent":"obstacles_group","position":[-1217.19141,1581.42664,152.202362],"isRenderEnabled":false,"rotationMatrix":[-0.168129921,0.985655963,0.0146657955,-0.984624922,-0.168632269,0.045577459,0.0473968089,-0.00677737594,0.998853147],"shapeName":"/art/shapes/race/s_concrete_race_barrier.dae"}
{"class":"TSStatic","persistentId":"72b4866b-b3b0-47a0-8599-51fc41036809","__parent":"obstacles_group","position":[-1218.76233,1590.60413,152.290512],"isRenderEnabled":false,"rotationMatrix":[-0.168129921,0.985655963,0.0146657955,-0.984624922,-0.168632269,0.045577459,0.0473968089,-0.00677737594,0.998853147],"shapeName":"/art/shapes/race/s_concrete_race_barrier.dae"}
{"class":"TSStatic","persistentId":"d941fa28-d952-44f7-9853-2ac8332b8551","__parent":"obstacles_group","position":[-1217.71948,1584.48987,152.19957],"isRenderEnabled":false,"rotationMatrix":[-0.168129921,0.985655963,0.0146657955,-0.984624922,-0.168632269,0.045577459,0.0473968089,-0.00677737594,0.998853147],"shapeName":"/art/shapes/race/s_concrete_race_barrier.dae"}
{"class":"TSStatic","persistentId":"fe1f7dbe-9b5f-4a87-a008-5e6df3802fd1","__parent":"obstacles_group","position":[-1218.2384,1587.55347,152.244949],"isRenderEnabled":false,"rotationMatrix":[-0.168129921,0.985655963,0.0146657955,-0.984624922,-0.168632269,0.045577459,0.0473968089,-0.00677737594,0.998853147],"shapeName":"/art/shapes/race/s_concrete_race_barrier.dae"}
