{"name":"statics","class":"SimGroup","persistentId":"1113d070-695f-45b3-86bf-2ed52d4058e0","__parent":"rallycross_track"}
{"name":"mud_nearby","class":"SimGroup","persistentId":"15a7ee89-2d28-404c-b1da-c8f039491a92","__parent":"rallycross_track"}
{"name":"decalroad_stuff","class":"SimGroup","persistentId":"7f9a16eb-0cfe-4002-9e43-b6f778191db2","__parent":"rallycross_track"}
{"class":"TSStatic","persistentId":"0354a06e-d32b-4b98-9a09-2b35c7e22016","__parent":"rallycross_track","position":[29.2000008,179,37.3418999],"isRenderEnabled":false,"shapeName":"/levels/industrial/art/shapes/buildings/ind_pit_building_door_closed.dae"}
{"class":"TSStatic","persistentId":"05733309-7631-4cfe-8629-594b0d692452","__parent":"rallycross_track","position":[-3.89491081,172.600006,37.363163],"annotation":"OBSTACLES","isRenderEnabled":false,"rotationMatrix":[7.4505806e-08,0.999999881,0,-0.999999881,7.4505806e-08,0,0,0,1],"shapeName":"/levels/industrial/art/shapes/buildings/ind_mesh_fence_4m.dae"}
{"class":"TSStatic","persistentId":"062ce2d4-9e45-4006-a1dc-312acd78d6f4","__parent":"rallycross_track","position":[216.743927,128.60376,36.5877113],"annotation":"OBSTACLES","isRenderEnabled":false,"rotationMatrix":[-0.0623563677,0.998053968,0,-0.998053968,-0.0623563677,0,0,0,1],"shapeName":"/levels/industrial/art/shapes/buildings/ind_mesh_fence_4m.dae"}
{"class":"TSStatic","persistentId":"09a1f48e-9804-4112-a9a7-b79b8b45b93a","__parent":"rallycross_track","position":[186.123489,71.1123886,37.6089058],"isRenderEnabled":false,"rotationMatrix":[0.997653544,0.00831458159,0.067957744,0.00831458159,0.970537484,-0.240806788,-0.067957744,0.240806788,0.968191028],"shapeName":"/levels/industrial/art/shapes/buildings/debris/small_pile_a.DAE","useInstanceRenderData":true}
{"class":"TSStatic","persistentId":"146f5e40-4262-47e0-b613-9c79ee0b05a5","__parent":"rallycross_track","position":[2,184,37.3418999],"annotation":"BUILDINGS","isRenderEnabled":false,"shapeName":"/levels/industrial/art/shapes/buildings/ind_pit_building.dae"}
{"class":"TSStatic","persistentId":"15f0ceae-335b-41a2-a5a6-6475020f6cda","__parent":"rallycross_track","position":[206.191025,122.240471,36.3608475],"annotation":"OBSTACLES","isRenderEnabled":false,"shapeName":"/levels/industrial/art/shapes/buildings/ind_mesh_fence_4m.dae"}
{"class":"TSStatic","persistentId":"1bcfe197-0723-46c7-9926-29aa9b901c81","__parent":"rallycross_track","position":[17.1000004,179,37.3418999],"isRenderEnabled":false,"shapeName":"/levels/industrial/art/shapes/buildings/ind_pit_building_door_open.dae"}
{"class":"TSStatic","persistentId":"1d812d3a-fa8c-411e-9d7e-befc4a023de2","__parent":"rallycross_track","position":[199.355072,-20.9397526,36.2824364],"annotation":"OBSTACLES","isRenderEnabled":false,"rotationMatrix":[0.287652612,-0.957734764,0,0.957734764,0.287652612,0,0,0,1],"shapeName":"/levels/industrial/art/shapes/buildings/ind_mesh_fence_4m.dae"}
{"class":"TSStatic","persistentId":"2697ddc7-e1a4-457d-97e0-46443212a521","__parent":"rallycross_track","position":[194.297668,108.848274,36.8534927],"annotation":"OBSTACLES","isRenderEnabled":false,"rotationMatrix":[-0.989774525,-0.142641544,0,0.142641544,-0.989774525,0,0,0,1],"shapeName":"/levels/industrial/art/shapes/buildings/ind_mesh_fence_4m.dae"}
{"class":"TSStatic","persistentId":"28790e75-358d-4674-b259-997760263dc8","__parent":"rallycross_track","position":[209.260544,-4.86225986,36.1829033],"annotation":"OBSTACLES","isRenderEnabled":false,"rotationMatrix":[-0.69675684,0.717307329,0,-0.717307329,-0.69675684,0,0,0,1],"shapeName":"/levels/industrial/art/shapes/buildings/ind_mesh_fence_4m.dae"}
{"class":"TSStatic","persistentId":"28f0b65a-ddf2-409e-b910-0bb1409f08ce","__parent":"rallycross_track","position":[185.36171,70.6150131,37.6062279],"isRenderEnabled":false,"rotationMatrix":[0.989046395,0.0131664556,0.147016585,0.0131664556,0.984173656,-0.176716894,-0.147016585,0.176716894,0.97322005],"shapeName":"/levels/industrial/art/shapes/buildings/debris/small_pile_c.DAE","useInstanceRenderData":true}
{"class":"TSStatic","persistentId":"2f966abf-8f58-4930-b396-ac46859a4c0e","__parent":"rallycross_track","position":[216.197067,108.024429,36.2288475],"annotation":"OBSTACLES","isRenderEnabled":false,"rotationMatrix":[5.96046377e-08,1,0,-1,5.96046377e-08,0,0,0,1],"shapeName":"/levels/industrial/art/shapes/buildings/ind_mesh_fence_4m.dae"}
{"class":"TSStatic","persistentId":"3c899da7-a12f-43e2-a788-693610b7ed93","__parent":"rallycross_track","position":[216.232346,-15.5289087,36.3623161],"annotation":"OBSTACLES","isRenderEnabled":false,"rotationMatrix":[0.896765888,-0.442505151,0,0.442505181,0.896765947,0,0,0,1],"shapeName":"/levels/industrial/art/shapes/buildings/ind_mesh_fence_4m.dae"}
{"class":"TSStatic","persistentId":"4427fac7-e289-4cdd-a52b-67b38c3ebc8b","__parent":"rallycross_track","position":[212.571396,-15.6125412,36.3623161],"annotation":"OBSTACLES","isRenderEnabled":false,"rotationMatrix":[0.866025507,0.499999911,0,-0.499999881,0.866025507,0,0,0,1],"shapeName":"/levels/industrial/art/shapes/buildings/ind_mesh_fence_4m.dae"}
{"class":"TSStatic","persistentId":"45a77387-1283-44b7-a88c-8b3aef585aac","__parent":"rallycross_track","position":[214.200974,110.148582,36.395874],"annotation":"OBSTACLES","isRenderEnabled":false,"rotationMatrix":[-0.997953534,0.0639410019,0,-0.0639410019,-0.997953534,0,0,0,1],"shapeName":"/levels/industrial/art/shapes/buildings/ind_mesh_fence_4m.dae"}
{"class":"TSStatic","persistentId":"46412cd3-8f0f-4249-a872-174f31c95c7d","__parent":"rallycross_track","position":[184.836288,70.0204391,37.6558189],"isRenderEnabled":false,"rotationMatrix":[0.998544157,0.00566156395,0.0536422282,0.00566156395,0.977982819,-0.208608672,-0.0536422282,0.208608672,0.976526976],"shapeName":"/levels/industrial/art/shapes/buildings/debris/small_pile_b.DAE","useInstanceRenderData":true}
{"class":"TSStatic","persistentId":"4730487c-36d3-467b-9446-8ff3fad9b625","__parent":"rallycross_track","position":[208.987823,-17.681509,36.3623161],"annotation":"OBSTACLES","isRenderEnabled":false,"rotationMatrix":[0.866025507,0.499999911,0,-0.499999881,0.866025507,0,0,0,1],"shapeName":"/levels/industrial/art/shapes/buildings/ind_mesh_fence_4m.dae"}
{"class":"TSStatic","persistentId":"5426ae87-919e-40ce-b276-b35ea58bcc16","__parent":"rallycross_track","position":[183.489044,68.3401337,38.0063477],"isRenderEnabled":false,"rotationMatrix":[0.999785602,-0.00294027524,-0.0204963163,-0.00294027524,0.959676206,-0.281092316,0.0204963163,0.281092316,0.959461808],"shapeName":"/levels/industrial/art/shapes/buildings/debris/small_pile_d.DAE","useInstanceRenderData":true}
{"class":"TSStatic","persistentId":"557a1b05-4ceb-48e1-b930-1839885dfe5a","__parent":"rallycross_track","position":[26.2000008,184,37.3418999],"annotation":"BUILDINGS","isRenderEnabled":false,"shapeName":"/levels/industrial/art/shapes/buildings/ind_pit_building.dae"}
{"class":"TSStatic","persistentId":"565d5e22-e0eb-465a-8dbf-1e3b52c9568e","__parent":"rallycross_track","position":[-3.89491081,168.399994,37.363163],"annotation":"OBSTACLES","isRenderEnabled":false,"rotationMatrix":[7.4505806e-08,0.999999881,0,-0.999999881,7.4505806e-08,0,0,0,1],"shapeName":"/levels/industrial/art/shapes/buildings/ind_mesh_fence_4m.dae"}
{"class":"TSStatic","persistentId":"5bea19c4-09bf-4719-aed1-fd616ccd7ad7","__parent":"rallycross_track","position":[185.884491,71.9064484,37.3863182],"isRenderEnabled":false,"rotationMatrix":[0.989898205,0.0171520077,0.140738606,0.0171520077,0.97087729,-0.238962427,-0.140738606,0.238962427,0.960775495],"shapeName":"/levels/industrial/art/shapes/buildings/debris/small_pile_d.DAE","useInstanceRenderData":true}
{"class":"TSStatic","persistentId":"67b287a1-92dc-49bb-9d34-6c113c083892","__parent":"rallycross_track","position":[11.1000004,179,37.3418999],"isRenderEnabled":false,"shapeName":"/levels/industrial/art/shapes/buildings/ind_pit_building_door_open.dae"}
{"class":"TSStatic","persistentId":"6b6919fb-e142-464a-ad2a-46d5aa46cd48","__parent":"rallycross_track","position":[23.2000008,179,37.3418999],"isRenderEnabled":false,"shapeName":"/levels/industrial/art/shapes/buildings/ind_pit_building_door_closed.dae"}
{"class":"TSStatic","persistentId":"6dc9a82d-aeff-4208-bb51-4c20f5b52fdb","__parent":"rallycross_track","position":[214.166397,122.367477,36.4807777],"annotation":"OBSTACLES","isRenderEnabled":false,"rotationMatrix":[0.988408685,0.151817158,0,-0.151817158,0.988408685,0,0,0,1],"shapeName":"/levels/industrial/art/shapes/buildings/ind_mesh_fence_4m.dae"}
{"class":"TSStatic","persistentId":"6ea213ad-82af-4ae8-84ac-fd095554bcad","__parent":"rallycross_track","position":[186.067612,69.6038513,37.8630524],"isRenderEnabled":false,"rotationMatrix":[0.996545434,-0.00565297389,-0.0828571022,-0.00565297389,0.990749657,-0.135584354,0.0828571022,0.135584354,0.987295091],"shapeName":"/levels/industrial/art/shapes/buildings/debris/debris_b_b.DAE","useInstanceRenderData":true}
{"class":"TSStatic","persistentId":"6f2866d6-f87c-491e-9e31-8ebadc535058","__parent":"rallycross_track","position":[190.483398,-14.922101,37.276516],"annotation":"OBSTACLES","isRenderEnabled":false,"rotationMatrix":[-0.134203345,0.990953803,0,-0.990953803,-0.134203345,0,0,0,1],"shapeName":"/levels/industrial/art/shapes/buildings/ind_mesh_fence_gate_3m.dae","useInstanceRenderData":true}
{"class":"TSStatic","persistentId":"71639099-4b6b-4fab-b613-7c9b5a64e47a","__parent":"rallycross_track","position":[202.215546,109.990417,36.2719269],"annotation":"OBSTACLES","isRenderEnabled":false,"rotationMatrix":[-0.989774525,-0.1426415,0,0.1426415,-0.989774525,0,0,0,1],"shapeName":"/levels/industrial/art/shapes/buildings/ind_mesh_fence_4m.dae"}
{"class":"TSStatic","persistentId":"75b7042a-4a98-4f39-a3cc-3e20d3b46d18","__parent":"rallycross_track","position":[186.871368,69.8059921,37.8308029],"isRenderEnabled":false,"rotationMatrix":[0.856845677,-0.490008086,-0.160337612,0.502082944,0.863724828,0.0435033068,0.117170528,-0.117778324,0.986102998],"shapeName":"/levels/industrial/art/shapes/buildings/debris/debris_m_barshort.DAE","useInstanceRenderData":true}
{"class":"TSStatic","persistentId":"76db1404-4ece-4f46-95a6-c19ffdea40f2","__parent":"rallycross_track","position":[216.197067,104.014137,36.162323],"annotation":"OBSTACLES","isRenderEnabled":false,"rotationMatrix":[5.96046377e-08,1,0,-1,5.96046377e-08,0,0,0,1],"shapeName":"/levels/industrial/art/shapes/buildings/ind_mesh_fence_4m.dae"}
{"class":"TSStatic","persistentId":"7c854fa6-1e41-4fca-83e5-2041515e3aa5","__parent":"rallycross_track","position":[210.205368,110.277565,36.2478523],"annotation":"OBSTACLES","isRenderEnabled":false,"rotationMatrix":[-0.999999583,-1.04308128e-07,0,1.04308128e-07,-0.999999583,0,0,0,1],"shapeName":"/levels/industrial/art/shapes/buildings/ind_mesh_fence_4m.dae"}
{"class":"TSStatic","persistentId":"7c90ac5f-643b-4fde-b86d-118eea671025","__parent":"rallycross_track","position":[198.260559,109.419205,36.6090012],"annotation":"OBSTACLES","isRenderEnabled":false,"rotationMatrix":[-0.989774525,-0.142641529,0,0.142641529,-0.989774525,0,0,0,1],"shapeName":"/levels/industrial/art/shapes/buildings/ind_mesh_fence_4m.dae"}
{"class":"TSStatic","persistentId":"85424ed1-b2c1-4bc7-ab6a-8dfb5bf0181e","__parent":"rallycross_track","position":[184.503098,71.6215973,37.3200836],"isRenderEnabled":false,"rotationMatrix":[0.999121964,0.00464116409,0.0416389816,0.00464116409,0.975468159,-0.220091745,-0.0416389816,0.220091745,0.974590063],"shapeName":"/levels/industrial/art/shapes/buildings/debris/metal_pile.DAE","useInstanceRenderData":true}
{"class":"TSStatic","persistentId":"8a898a44-2035-4fa6-a3f3-8bdc713c9283","__parent":"rallycross_track","position":[183.245667,69.6728363,37.7002792],"isRenderEnabled":false,"rotationMatrix":[0.999927104,-0.00102066412,-0.0120317116,-0.00102066412,0.98571068,-0.168443963,0.0120317116,0.168443963,0.985637784],"shapeName":"/levels/industrial/art/shapes/buildings/debris/big_pile.DAE","useInstanceRenderData":true}
{"class":"TSStatic","persistentId":"8ad578df-dbf2-4046-b91a-d76b0c361f89","__parent":"rallycross_track","position":[185.752411,72.5023956,37.1897125],"isRenderEnabled":false,"rotationMatrix":[0.807990193,-0.520264328,-0.276543528,0.559089065,0.825120747,0.0812074989,0.185932398,-0.22022751,0.957563758],"shapeName":"/levels/industrial/art/shapes/buildings/debris/debris_b_col_small.DAE","useInstanceRenderData":true}
{"class":"TSStatic","persistentId":"8cfd022c-6cc1-4dde-8a2e-b05b70e6697a","__parent":"rallycross_track","position":[210.189865,122.148163,36.3616066],"annotation":"OBSTACLES","isRenderEnabled":false,"rotationMatrix":[0.999087095,-0.0427185856,0,0.0427185856,0.999087095,0,0,0,1],"shapeName":"/levels/industrial/art/shapes/buildings/ind_mesh_fence_4m.dae"}
{"class":"TSStatic","persistentId":"8f3515e2-669d-4b6f-941d-ed35a8a35432","__parent":"rallycross_track","position":[199.675903,124.227089,36.5940895],"annotation":"OBSTACLES","isRenderEnabled":false,"rotationMatrix":[0.258819103,-0.965924978,0,0.965924978,0.258819103,0,0,0,1],"shapeName":"/levels/industrial/art/shapes/buildings/ind_mesh_fence_4m.dae"}
{"class":"TSStatic","persistentId":"9118fa6c-fe41-466d-a2c6-5b8ab9a1b6b4","__parent":"rallycross_track","position":[191.937424,-19.2072983,36.1519394],"annotation":"OBSTACLES","isRenderEnabled":false,"rotationMatrix":[0.707106769,0.707106471,0,-0.707106471,0.707106769,0,0,0,1],"shapeName":"/levels/industrial/art/shapes/buildings/ind_mesh_fence_4m.dae"}
{"class":"TSStatic","persistentId":"9e3562f6-2e93-4e88-98af-7a0badf51536","__parent":"rallycross_track","position":[184.633575,69.1542664,37.8187637],"isRenderEnabled":false,"rotationMatrix":[0.998607337,0.00445660856,0.0525697581,0.00445660856,0.985738873,-0.168223232,-0.0525697581,0.168223232,0.984346151],"shapeName":"/levels/industrial/art/shapes/buildings/debris/debris_m_pipe.DAE","useInstanceRenderData":true}
{"class":"TSStatic","persistentId":"9f7e486b-c69f-497d-bf29-ac381fb5ddf7","__parent":"rallycross_track","position":[186.771088,70.5644073,37.5703201],"isRenderEnabled":false,"rotationMatrix":[0.99760747,0.00634546578,0.0688412338,0.00634546578,0.983170748,-0.182578936,-0.0688412338,0.182578936,0.980778158],"shapeName":"/levels/industrial/art/shapes/buildings/debris/debris_a_c.DAE","useInstanceRenderData":true}
{"class":"TSStatic","persistentId":"a090246a-20fb-401c-8951-c877d8a963bf","__parent":"rallycross_track","position":[5,179,37.3418999],"isRenderEnabled":false,"shapeName":"/levels/industrial/art/shapes/buildings/ind_pit_building_door_open.dae"}
{"class":"TSStatic","persistentId":"a9732179-0430-4299-bf14-4de1d3a17e6a","__parent":"rallycross_track","position":[-3.89491081,176.800003,37.363163],"annotation":"OBSTACLES","isRenderEnabled":false,"rotationMatrix":[7.4505806e-08,0.999999881,0,-0.999999881,7.4505806e-08,0,0,0,1],"shapeName":"/levels/industrial/art/shapes/buildings/ind_mesh_fence_4m.dae"}
{"class":"TSStatic","persistentId":"ae98e583-1f2a-4842-bcd3-c749b794c90b","__parent":"rallycross_track","position":[206.199387,110.277161,36.2240944],"annotation":"OBSTACLES","isRenderEnabled":false,"rotationMatrix":[-0.999999702,-8.94069672e-08,0,8.94069672e-08,-0.999999702,0,0,0,1],"shapeName":"/levels/industrial/art/shapes/buildings/ind_mesh_fence_4m.dae"}
{"class":"TSStatic","persistentId":"b0cf65c9-cdea-49df-ab3e-07cdff1c205a","__parent":"rallycross_track","position":[205.350525,-19.7815151,36.2824364],"annotation":"OBSTACLES","isRenderEnabled":false,"rotationMatrix":[0.866025507,0.499999911,0,-0.499999881,0.866025507,0,0,0,1],"shapeName":"/levels/industrial/art/shapes/buildings/ind_mesh_fence_4m.dae"}
{"class":"TSStatic","persistentId":"b223ee64-4220-4e13-9f6c-253333df22dd","__parent":"rallycross_track","position":[14.1000004,184,37.3418999],"annotation":"BUILDINGS","isRenderEnabled":false,"shapeName":"/levels/industrial/art/shapes/buildings/ind_pit_building.dae"}
{"class":"TSStatic","persistentId":"bdb807b4-9817-46dd-a203-fa75ff4f1ace","__parent":"rallycross_track","position":[-1,179,37.3418999],"isRenderEnabled":false,"shapeName":"/levels/industrial/art/shapes/buildings/ind_pit_building_door_closed.dae"}
{"class":"TSStatic","persistentId":"c5b5e389-74c9-48ac-88b4-63f79920f7b9","__parent":"rallycross_track","position":[190.648972,107.464813,37.2825623],"annotation":"OBSTACLES","isRenderEnabled":false,"rotationMatrix":[-0.835641921,-0.549274087,0,0.549274087,-0.835641921,0,0,0,1],"shapeName":"/levels/industrial/art/shapes/buildings/ind_mesh_fence_4m.dae"}
{"class":"TSStatic","persistentId":"cc1f2453-22f1-49d4-be98-78266ddd3165","__parent":"rallycross_track","position":[183.378967,72.4057541,37.1719971],"isRenderEnabled":false,"rotationMatrix":[0.999628723,-0.00193879008,-0.0271775387,-0.00193879008,0.989875197,-0.141927138,0.0271775387,0.141927138,0.98950398],"shapeName":"/levels/industrial/art/shapes/buildings/debris/debris_m_barrel_a.DAE","useInstanceRenderData":true}
{"class":"TSStatic","persistentId":"d496dce6-77dc-4f05-9904-9c111f441ae1","__parent":"rallycross_track","position":[216.504517,124.6399,36.5877113],"annotation":"OBSTACLES","isRenderEnabled":false,"rotationMatrix":[0.182384998,0.983227193,0,-0.983227193,0.182384998,0,0,0,1],"shapeName":"/levels/industrial/art/shapes/buildings/ind_mesh_fence_4m.dae"}
{"class":"TSStatic","persistentId":"dacd0319-f50a-4da3-a43e-e9be2b23ed8b","__parent":"rallycross_track","position":[214.615509,130.598618,36.5877113],"annotation":"OBSTACLES","isRenderEnabled":false,"rotationMatrix":[-0.999999583,2.38418579e-07,0,-2.38418579e-07,-0.999999583,0,0,0,1],"shapeName":"/levels/industrial/art/shapes/buildings/ind_mesh_fence_4m.dae"}
{"class":"TSStatic","persistentId":"e198161d-8e04-4675-a1f3-8622912a1c64","__parent":"rallycross_track","position":[191.897598,-16.3339424,36.1519394],"annotation":"OBSTACLES","isRenderEnabled":false,"rotationMatrix":[-0.707106352,0.70710665,0,-0.70710665,-0.707106352,0,0,0,1],"shapeName":"/levels/industrial/art/shapes/buildings/ind_mesh_fence_4m.dae"}
{"class":"TSStatic","persistentId":"e4828408-f058-4ec4-af07-cda0e971d7f0","__parent":"rallycross_track","position":[202.195404,122.265442,36.5940895],"annotation":"OBSTACLES","isRenderEnabled":false,"rotationMatrix":[0.999911547,-0.0132933129,0,0.0132933129,0.999911547,0,0,0,1],"shapeName":"/levels/industrial/art/shapes/buildings/ind_mesh_fence_4m.dae"}
{"class":"TSStatic","persistentId":"efe6c647-62ea-41f4-8236-23d1403c5fd0","__parent":"rallycross_track","position":[219.825623,-15.2553883,36.5494804],"annotation":"OBSTACLES","isRenderEnabled":false,"rotationMatrix":[0.831603587,0.555369496,0,-0.555369496,0.831603587,0,0,0,1],"shapeName":"/levels/industrial/art/shapes/buildings/ind_mesh_fence_4m.dae"}
{"class":"TSStatic","persistentId":"f63d30be-66da-402e-8639-ff93ae59ff53","__parent":"rallycross_track","position":[184.715805,68.2535934,37.9595146],"isRenderEnabled":false,"rotationMatrix":[0.999640822,0.003372184,0.0265863594,0.003372184,0.968338966,-0.249616355,-0.0265863594,0.249616355,0.967979789],"shapeName":"/levels/industrial/art/shapes/buildings/debris/debris_a_c.DAE","useInstanceRenderData":true}
{"class":"TSStatic","persistentId":"f8028cae-62e0-4128-8f38-4f9833c94ff1","__parent":"rallycross_track","position":[201.713211,-21.8815327,36.2824364],"annotation":"OBSTACLES","isRenderEnabled":false,"rotationMatrix":[0.866025507,0.499999911,0,-0.499999881,0.866025507,0,0,0,1],"shapeName":"/levels/industrial/art/shapes/buildings/ind_mesh_fence_4m.dae"}
{"class":"TSStatic","persistentId":"ff12f519-c716-4c86-acf6-8eabdf4bb97d","__parent":"rallycross_track","position":[188.442993,104.437378,37.2825623],"annotation":"OBSTACLES","isRenderEnabled":false,"rotationMatrix":[-0.267973453,-0.963425696,0,0.963425696,-0.267973453,0,0,0,1],"shapeName":"/levels/industrial/art/shapes/buildings/ind_mesh_fence_4m.dae"}
