{"class":"TSStatic","persistentId":"00eca5c1-8d12-41d1-ae35-e590df413f76","__parent":"statics","position":[7.33537817,184.7061,37.3405304],"annotation":"OBSTACLES","isRenderEnabled":false,"rotationMatrix":[0.977407277,0.21136485,0,-0.21136485,0.977407277,0,0,0,1],"shapeName":"/levels/industrial/art/shapes/buildings/industrial_clutters/metal_drum_old_b.DAE"}
{"class":"TSStatic","persistentId":"01526265-df65-4a7d-81e0-61449828142a","__parent":"statics","position":[14.219141,178.388916,37.3405304],"annotation":"OBSTACLES","isRenderEnabled":false,"shapeName":"/levels/industrial/art/shapes/buildings/industrial_clutters/metal_drum_old_b.DAE"}
{"class":"TSStatic","persistentId":"08b7be92-1824-473d-a152-d79bacce3092","__parent":"statics","position":[-3.3723793,180.753448,37.3421783],"annotation":"OBSTACLES","isRenderEnabled":false,"rotationMatrix":[8.94069885e-08,-1,0,1,8.94069885e-08,0,0,0,1],"shapeName":"/levels/industrial/art/shapes/buildings/industrial_clutters/ind_pallet_cans.DAE"}
{"class":"TSStatic","persistentId":"0ee69bff-a158-41ce-bb64-4d2b7e7c91e3","__parent":"statics","position":[14.0663433,181.264542,37.3324623],"annotation":"OBSTACLES","isRenderEnabled":false,"rotationMatrix":[0.86998713,-0.493073702,0,0.493073702,0.86998713,0,0,0,1],"shapeName":"/levels/industrial/art/shapes/buildings/industrial_clutters/ind_clutter_mix.DAE"}
{"class":"TSStatic","persistentId":"10f8c3b0-7746-4409-80ad-060422f70bdf","__parent":"statics","position":[185.279785,100.184349,37.9790726],"isRenderEnabled":false,"rotationMatrix":[0.999889791,-0.0019835867,0.0147122992,-0.0019835867,0.964295447,0.26482138,-0.0147122992,-0.26482138,0.964185238],"shapeName":"/levels/industrial/art/shapes/buildings/debris/small_pile_b.DAE","useInstanceRenderData":true}
{"class":"TSStatic","persistentId":"1144f152-378b-47c0-a1d3-ccddb237cbfe","__parent":"statics","position":[199.040665,108.575401,36.3881187],"isRenderEnabled":false,"rotationMatrix":[-0.997756958,-0.0669476241,0,0.0669476241,-0.997756958,0,0,0,1],"shapeName":"/levels/industrial/art/shapes/buildings/debris/debris_b_angle.DAE"}
{"class":"TSStatic","persistentId":"15910d0e-1250-4f44-8422-2e06538e1a98","__parent":"statics","position":[8.48086548,180.315781,37.3417168],"annotation":"OBSTACLES","isRenderEnabled":false,"rotationMatrix":[0.877777219,-0.479068905,0,0.479068905,0.877777219,0,0,0,1],"shapeName":"/levels/industrial/art/shapes/buildings/industrial_clutters/road_cone.DAE"}
{"class":"TSStatic","persistentId":"1604e21a-319b-4cdb-970a-7ceb26d04281","__parent":"statics","position":[26.230154,180.12645,37.3402481],"annotation":"OBSTACLES","isRenderEnabled":false,"rotationMatrix":[-1,-5.96046377e-08,0,5.96046377e-08,-1,0,0,0,1],"shapeName":"/levels/industrial/art/shapes/buildings/industrial_clutters/ind_fullgasrack.DAE"}
{"class":"TSStatic","persistentId":"1a5a7a6c-8347-4577-9ca4-08decc3bc21b","__parent":"statics","position":[173.27005,62.4949379,40.0522041],"isRenderEnabled":false,"rotationMatrix":[1,0,0,0,0.965134799,-0.26175341,0,0.26175341,0.965134799],"shapeName":"/levels/industrial/art/shapes/buildings/debris/debris_a_b.DAE"}
{"class":"TSStatic","persistentId":"1baca394-f673-47cf-877c-48be8a663e22","__parent":"statics","position":[174.314636,63.0197144,39.8041191],"isRenderEnabled":false,"shapeName":"/levels/industrial/art/shapes/buildings/debris/debris_a_brick_a.DAE"}
{"class":"TSStatic","persistentId":"1e6ff6cf-8225-4998-8229-6ddb519241cd","__parent":"statics","position":[200.630371,106.449654,36.4217262],"isRenderEnabled":false,"rotationMatrix":[0.994872868,-0.0061985082,-0.10094361,-0.0061985082,0.992506266,-0.122036301,0.10094361,0.122036301,0.987379134],"shapeName":"/levels/industrial/art/shapes/buildings/debris/debris_a_brickwall.DAE","useInstanceRenderData":true}
{"class":"TSStatic","persistentId":"1fb28c37-93aa-409c-81ad-f78d07a819fc","__parent":"statics","position":[29.6118641,188.254715,37.3325653],"annotation":"OBSTACLES","isRenderEnabled":false,"shapeName":"/levels/industrial/art/shapes/buildings/industrial_clutters/crate_stack.DAE"}
{"class":"TSStatic","persistentId":"20c775c8-8d3e-40a0-a3d8-e4b39687dca3","__parent":"statics","position":[185.486801,84.5903931,35.9184074],"isRenderEnabled":false,"rotationMatrix":[-0.268894166,-0.952636361,0.142065853,0.944364071,-0.289764643,-0.155596539,0.189391896,0.0923232436,0.977551341],"shapeName":"/levels/industrial/art/shapes/buildings/debris/metal_pile.DAE"}
{"class":"TSStatic","persistentId":"25d2d207-2f04-409d-8172-e3c8da4b9f54","__parent":"statics","position":[192.625061,107.56768,37.3474579],"isRenderEnabled":false,"rotationMatrix":[1,0,0,0,0.935004115,-0.35463658,0,0.35463658,0.935004115],"shapeName":"/levels/industrial/art/shapes/buildings/debris/debris_a_b.DAE"}
{"class":"TSStatic","persistentId":"2af31d56-2fed-47f7-ba1e-d8952642cea0","__parent":"statics","position":[0.798928738,188.119812,37.3325653],"annotation":"OBSTACLES","isRenderEnabled":false,"shapeName":"/levels/industrial/art/shapes/buildings/industrial_clutters/crate_stack.DAE"}
{"class":"TSStatic","persistentId":"2c61ceaf-c1a3-4b22-8142-68271ba6e493","__parent":"statics","position":[195.374634,93.5282745,37.7155685],"isRenderEnabled":false,"rotationMatrix":[0.998954535,-0.000662109698,0.045709312,-0.000662109698,0.999580681,0.0289492328,-0.045709312,-0.0289492328,0.998535216],"shapeName":"/levels/industrial/art/shapes/buildings/debris/debris_a_brick_a.DAE","useInstanceRenderData":true}
{"class":"TSStatic","persistentId":"2ce620c1-ed2b-4893-ab66-c0b8ef53539f","__parent":"statics","position":[195.817871,91.2578888,37.5899849],"isRenderEnabled":false,"rotationMatrix":[0.440966457,-0.897524655,-0.000221770722,0.896754205,0.44057852,0.0415051244,-0.0371540822,-0.0185011737,0.999138951],"shapeName":"/levels/industrial/art/shapes/buildings/debris/big_pile.DAE"}
{"class":"TSStatic","persistentId":"2d69db38-cbe5-41f7-9448-11c86e5c0480","__parent":"statics","position":[165.992203,72.6074905,36.9090614],"isRenderEnabled":false,"rotationMatrix":[-0.279035956,-0.960280716,0,0.960280716,-0.279035956,0,0,0,1],"shapeName":"/levels/industrial/art/shapes/buildings/debris/metal_pile.DAE"}
{"class":"TSStatic","persistentId":"30e6af94-d0ee-4582-9a53-d19ce2b4bb9b","__parent":"statics","position":[16.728857,188.254715,37.3325653],"annotation":"OBSTACLES","isRenderEnabled":false,"shapeName":"/levels/industrial/art/shapes/buildings/industrial_clutters/crate_stack.DAE"}
{"class":"TSStatic","persistentId":"33c575af-737a-42d2-95c2-35c144a7054a","__parent":"statics","position":[116.937256,39.5616035,35.9427032],"isRenderEnabled":false,"shapeName":"/levels/industrial/art/shapes/buildings/debris/big_pile.DAE"}
{"class":"TSStatic","persistentId":"352ac683-6c5b-4328-a913-558ad70d6393","__parent":"statics","position":[186.385086,100.073914,37.9694595],"isRenderEnabled":false,"rotationMatrix":[0.999044359,-0.00378961884,0.0435432121,-0.00378961884,0.984972179,0.172671363,-0.0435432121,-0.172671363,0.984016538],"shapeName":"/levels/industrial/art/shapes/buildings/debris/small_pile_c.DAE","useInstanceRenderData":true}
{"class":"TSStatic","persistentId":"3825400b-0578-412d-a1d0-ab70246a51a2","__parent":"statics","position":[3.32588339,188.033432,37.3405838],"annotation":"OBSTACLES","isRenderEnabled":false,"shapeName":"/levels/industrial/art/shapes/buildings/industrial_clutters/pallet_stack.DAE"}
{"class":"TSStatic","persistentId":"3d4d476b-13e8-47dc-b199-76317186025f","__parent":"statics","position":[24.0674496,179.69635,37.3417168],"annotation":"OBSTACLES","isRenderEnabled":false,"rotationMatrix":[-0.940095663,-0.340910882,0,0.340910882,-0.940095663,0,0,0,1],"shapeName":"/levels/industrial/art/shapes/buildings/industrial_clutters/road_cone.DAE"}
{"class":"TSStatic","persistentId":"3e3500af-a96d-402b-a25f-26e88952ecb1","__parent":"statics","position":[8.54418182,179.521133,37.3417168],"annotation":"OBSTACLES","isRenderEnabled":false,"shapeName":"/levels/industrial/art/shapes/buildings/industrial_clutters/road_cone.DAE"}
{"class":"TSStatic","persistentId":"3f483017-4e9e-428f-aa90-1675a64eb95d","__parent":"statics","position":[187.922165,99.3983688,37.8788147],"isRenderEnabled":false,"rotationMatrix":[0.999716401,0.00571905915,0.0231416188,-0.00789014902,0.995460689,0.0948420763,-0.0224941876,-0.0949979573,0.995223343],"shapeName":"/levels/industrial/art/shapes/buildings/debris/medium_pile.DAE","useInstanceRenderData":true}
{"class":"TSStatic","persistentId":"3fbec546-7dfd-45fc-b80b-13147805df32","__parent":"statics","position":[7.51265764,185.204391,37.3398132],"isRenderEnabled":false,"rotationMatrix":[0.859979868,-0.510327935,0,0.510327935,0.859979868,0,0,0,1],"shapeName":"/levels/industrial/art/shapes/buildings/industrial_clutters/old_can_a.DAE"}
{"class":"TSStatic","persistentId":"3ff55604-d1e3-49e4-aa62-d657d844016e","__parent":"statics","position":[197.275787,103.483627,37.7399597],"isRenderEnabled":false,"rotationMatrix":[0.999961138,0.00137379311,0.00871051382,0.00137379311,0.951459289,-0.307771504,-0.00871051382,0.307771504,0.951420426],"shapeName":"/levels/industrial/art/shapes/buildings/debris/debris_m_pipe.DAE","useInstanceRenderData":true}
{"class":"TSStatic","persistentId":"414c8505-9b82-4bb0-b6b8-045ededaff71","__parent":"statics","position":[21.0922222,179.951874,37.3421593],"isRenderEnabled":false,"shapeName":"/levels/industrial/art/shapes/buildings/industrial_clutters/ind_cardboards.DAE"}
{"class":"TSStatic","persistentId":"45cb6d92-e9fe-4cb3-8688-6b1bc89d53a3","__parent":"statics","position":[180.482269,87.2608795,35.9969368],"isRenderEnabled":false,"rotationMatrix":[0.951989949,-0.0382302031,-0.303732663,-0.0382302031,0.969557405,-0.241861209,0.303732663,0.241861209,0.921547413],"shapeName":"/levels/industrial/art/shapes/buildings/debris/debris_a_b.DAE","useInstanceRenderData":true}
{"class":"TSStatic","persistentId":"45db3935-c73b-4deb-83fc-7132a12d9657","__parent":"statics","position":[19.443716,180.15979,37.3421783],"annotation":"OBSTACLES","isRenderEnabled":false,"rotationMatrix":[0,0.999999881,0,-0.999999881,0,0,0,0,1],"shapeName":"/levels/industrial/art/shapes/buildings/industrial_clutters/ind_pallet_cans.DAE"}
{"class":"TSStatic","persistentId":"490a868f-2c7d-4bd5-b51d-f1f39b08fa68","__parent":"statics","position":[184.251495,86.6970749,35.9317856],"isRenderEnabled":false,"shapeName":"/levels/industrial/art/shapes/buildings/debris/debris_m_can_a.DAE"}
{"class":"TSStatic","persistentId":"49bbbb91-30e8-4ec4-b782-65a3a8501751","__parent":"statics","position":[177.113678,67.0778351,38.3128929],"isRenderEnabled":false,"rotationMatrix":[1,0,0,0,0.964492857,-0.264107734,0,0.264107734,0.964492857],"shapeName":"/levels/industrial/art/shapes/buildings/debris/debris_b_a.DAE"}
{"class":"TSStatic","persistentId":"4bbbb43c-dffc-4939-a7da-02da5e8fbf26","__parent":"statics","position":[8.99053192,186.086807,37.3411865],"annotation":"OBSTACLES","isRenderEnabled":false,"shapeName":"/levels/industrial/art/shapes/buildings/industrial_clutters/ind_pallet_cardboard.DAE"}
{"class":"TSStatic","persistentId":"4f612c93-a7ff-445a-94e3-5ba2aff2d690","__parent":"statics","position":[177.299957,89.1525345,36.4992332],"isRenderEnabled":false,"rotationMatrix":[0.979793251,-0.0387058668,-0.196232066,-0.0387058668,0.925859213,-0.375881135,0.196232066,0.375881135,0.905652463],"shapeName":"/levels/industrial/art/shapes/buildings/debris/debris_b_col_small.DAE","useInstanceRenderData":true}
{"class":"TSStatic","persistentId":"4ffff286-5ac0-4ad2-93ef-92b11035c15f","__parent":"statics","position":[2.0626235,188.155991,37.3378677],"isRenderEnabled":false,"shapeName":"/levels/industrial/art/shapes/buildings/industrial_clutters/wood_crate_a.DAE"}
{"class":"TSStatic","persistentId":"538d49b0-1a5f-4418-9d93-bbbf63e266ce","__parent":"statics","position":[-3.42889738,179.662979,37.3351288],"annotation":"OBSTACLES","isRenderEnabled":false,"rotationMatrix":[-1,-8.94069885e-08,0,8.94069885e-08,-1,0,0,0,1],"shapeName":"/levels/industrial/art/shapes/buildings/industrial_clutters/metal_drum_a.DAE"}
{"class":"TSStatic","persistentId":"60141fda-41d7-43d5-82ae-5d5762eb35fe","__parent":"statics","position":[114.77758,40.9094582,36.1934166],"isRenderEnabled":false,"rotationMatrix":[0.985657811,0,-0.168756083,0,1,0,0.168756083,0,0.985657811],"shapeName":"/levels/industrial/art/shapes/buildings/debris/debris_a_d.DAE"}
{"class":"TSStatic","persistentId":"637d5df5-cb48-4f7b-983a-b81303da9306","__parent":"statics","position":[13.5908337,178.521729,37.3483925],"annotation":"OBSTACLES","isRenderEnabled":false,"shapeName":"/levels/industrial/art/shapes/buildings/industrial_clutters/metal_drum_old_a.DAE"}
{"class":"TSStatic","persistentId":"67815a85-9a62-4a92-96f9-6b14e29085e0","__parent":"statics","position":[205.918243,109.802231,36.2045784],"isRenderEnabled":false,"rotationMatrix":[-0.0490927808,0.998794079,0,-0.998794079,-0.0490927808,0,0,0,1],"shapeName":"/levels/industrial/art/shapes/buildings/debris/debris_b_col_big.DAE"}
{"class":"TSStatic","persistentId":"681eb59f-a75c-4edc-8274-9fc6d3adbb62","__parent":"statics","position":[24.8570042,179.742752,37.3417168],"annotation":"OBSTACLES","isRenderEnabled":false,"rotationMatrix":[-0.766082287,0.642742515,0,-0.642742515,-0.766082287,0,0,0,1],"shapeName":"/levels/industrial/art/shapes/buildings/industrial_clutters/road_cone.DAE"}
{"class":"TSStatic","persistentId":"696be9ec-4a77-4213-8df0-1b205e2efe97","__parent":"statics","position":[196.235428,105.810883,36.9758949],"isRenderEnabled":false,"rotationMatrix":[0.998063624,-0.00839091931,-0.0616325773,-0.00839091931,0.963639379,-0.267074525,0.0616325773,0.267074525,0.961703002],"shapeName":"/levels/industrial/art/shapes/buildings/debris/debris_a_d.DAE","useInstanceRenderData":true}
{"class":"TSStatic","persistentId":"6ba22906-c130-4399-82c9-e18d704f3faa","__parent":"statics","position":[198.609451,105.014694,36.9709549],"isRenderEnabled":false,"rotationMatrix":[0.986327231,-0.0234735571,-0.163118154,-0.0234735571,0.959700286,-0.280043572,0.163118154,0.280043572,0.946027517],"shapeName":"/levels/industrial/art/shapes/buildings/debris/metal_pile.DAE","useInstanceRenderData":true}
{"class":"TSStatic","persistentId":"6e04ff22-b782-4c00-b60a-ba24c8f33e74","__parent":"statics","position":[22.1173668,188.253113,37.3381195],"annotation":"OBSTACLES","isRenderEnabled":false,"rotationMatrix":[0,0.999999881,0,-0.999999881,0,0,0,0,1],"shapeName":"/levels/industrial/art/shapes/buildings/industrial_clutters/drum_pallet.DAE"}
{"class":"TSStatic","persistentId":"72dd6dda-a7a7-4591-a745-3a14878ec8c0","__parent":"statics","position":[12.443718,188.279984,37.3381195],"annotation":"OBSTACLES","isRenderEnabled":false,"rotationMatrix":[0,0.999999881,0,-0.999999881,0,0,0,0,1],"shapeName":"/levels/industrial/art/shapes/buildings/industrial_clutters/drum_pallet.DAE"}
{"class":"TSStatic","persistentId":"73b9678f-0e75-484b-b767-db1bc4b35c26","__parent":"statics","position":[28.2369785,188.168335,37.3405838],"annotation":"OBSTACLES","isRenderEnabled":false,"shapeName":"/levels/industrial/art/shapes/buildings/industrial_clutters/pallet_stack.DAE"}
{"class":"TSStatic","persistentId":"73ddf7b7-adfd-4a26-91f1-b29b4a28a848","__parent":"statics","position":[180.641953,103.437943,37.805439],"annotation":"OBSTACLES","isRenderEnabled":false,"rotationMatrix":[-0.168509886,0.977889776,-0.123837769,-0.98570025,-0.167174622,0.0211706441,1.82901871e-08,0.125634432,0.99207598],"shapeName":"/levels/industrial/art/shapes/buildings/industrial_clutters/ind_rack_b.DAE"}
{"class":"TSStatic","persistentId":"783583c7-9fee-46a2-873c-caf61f879eff","__parent":"statics","position":[189.888718,92.4065323,37.0595665],"isRenderEnabled":false,"rotationMatrix":[0.980018914,-0.0195370819,0.1979426,-0.0195370819,0.980897069,0.193543866,-0.1979426,-0.193543866,0.960915983],"shapeName":"/levels/industrial/art/shapes/buildings/debris/debris_a_d.DAE","useInstanceRenderData":true}
{"class":"TSStatic","persistentId":"7954f993-84e9-4725-9d2e-dc3828dbed24","__parent":"statics","position":[25.2538185,179.623016,37.3417168],"annotation":"OBSTACLES","isRenderEnabled":false,"rotationMatrix":[-1.04308107e-07,1,0,-1,-1.04308107e-07,0,0,0,1],"shapeName":"/levels/industrial/art/shapes/buildings/industrial_clutters/road_cone.DAE"}
{"class":"TSStatic","persistentId":"7a400105-a7c9-44a7-bfda-3b5f3418ec99","__parent":"statics","position":[8.66389465,179.917923,37.3417168],"annotation":"OBSTACLES","isRenderEnabled":false,"rotationMatrix":[0.642742455,0.766082406,0,-0.766082406,0.642742455,0,0,0,1],"shapeName":"/levels/industrial/art/shapes/buildings/industrial_clutters/road_cone.DAE"}
{"class":"TSStatic","persistentId":"81ea2531-455f-42ae-8952-17c6b31ab15f","__parent":"statics","position":[200.534302,104.821518,36.7957764],"isRenderEnabled":false,"rotationMatrix":[0.998228848,-0.0104974806,-0.0585578792,-0.0104974806,0.937783241,-0.347062558,0.0585578792,0.347062558,0.93601203],"shapeName":"/levels/industrial/art/shapes/buildings/debris/small_pile_c.DAE","useInstanceRenderData":true}
{"class":"TSStatic","persistentId":"842abcd9-0b06-4926-a767-d1c0e0cff18d","__parent":"statics","position":[186.814407,102.20813,38.2191582],"isRenderEnabled":false,"rotationMatrix":[0.999088764,0.000390522764,0.0426785275,0.000390522764,0.99983263,-0.0182907972,-0.0426785275,0.0182907972,0.998921394],"shapeName":"/levels/industrial/art/shapes/buildings/debris/small_pile_d.DAE","useInstanceRenderData":true}
{"class":"TSStatic","persistentId":"885b6ae5-2ac5-40e4-af79-f180218cd01e","__parent":"statics","position":[-3.31237674,186.794098,37.3381195],"annotation":"OBSTACLES","isRenderEnabled":false,"rotationMatrix":[-0.999999762,1.78813934e-07,0,-1.78813934e-07,-0.999999762,0,0,0,1],"shapeName":"/levels/industrial/art/shapes/buildings/industrial_clutters/drum_pallet.DAE"}
{"class":"TSStatic","persistentId":"8fbe1662-a6d4-432c-b330-e2450cf35285","__parent":"statics","position":[115.97448,33.8218193,36.0250015],"isRenderEnabled":false,"rotationMatrix":[0.999538898,0,0.0303631388,0,1,0,-0.0303631388,0,0.999538898],"shapeName":"/levels/industrial/art/shapes/buildings/debris/medium_pile.DAE"}
{"class":"TSStatic","persistentId":"904aa7c1-ca59-4892-b959-512a5986b77c","__parent":"statics","position":[174.645401,67.7542267,38.0664291],"isRenderEnabled":false,"rotationMatrix":[1,0,0,0,0.942797422,-0.333364964,0,0.333364964,0.942797422],"shapeName":"/levels/industrial/art/shapes/buildings/debris/debris_b_b.DAE"}
{"class":"TSStatic","persistentId":"90f7fca3-d807-4bec-bcb0-7bd2596cbee1","__parent":"statics","position":[30.9360828,182.355911,37.3405304],"annotation":"OBSTACLES","isRenderEnabled":false,"rotationMatrix":[-0.99448365,-0.104892083,0,0.104892075,-0.99448365,0,0,0,1],"shapeName":"/levels/industrial/art/shapes/buildings/industrial_clutters/metal_drum_old_b.DAE"}
{"class":"TSStatic","persistentId":"91868511-a773-4d4d-8e32-1f93478f465c","__parent":"statics","position":[30.8755589,188.290894,37.3378677],"isRenderEnabled":false,"shapeName":"/levels/industrial/art/shapes/buildings/industrial_clutters/wood_crate_a.DAE"}
{"class":"TSStatic","persistentId":"9b4ab5e4-04c1-43d0-96cf-2f9e1d19621b","__parent":"statics","position":[192.457306,90.7405319,37.2674866],"isRenderEnabled":false,"rotationMatrix":[0.989560843,-0.00891677197,0.143839538,-0.00891677197,0.992383599,0.122862935,-0.143839538,-0.122862935,0.981944442],"shapeName":"/levels/industrial/art/shapes/buildings/debris/debris_a_b.DAE","useInstanceRenderData":true}
{"class":"TSStatic","persistentId":"9c4c6d59-fa4f-464a-91be-3ca53afcb41d","__parent":"statics","position":[200.132172,105.314285,36.5416946],"isRenderEnabled":false,"rotationMatrix":[0.999584436,-0.00170609774,-0.0287765935,-0.00170609774,0.992996037,-0.11813549,0.0287765935,0.11813549,0.992580414],"shapeName":"/levels/industrial/art/shapes/buildings/debris/debris_a_b.DAE","useInstanceRenderData":true}
{"class":"TSStatic","persistentId":"9ecf403d-8dd5-41b6-98de-7e11f0b0c661","__parent":"statics","position":[6.69318771,184.703156,37.3483925],"annotation":"OBSTACLES","isRenderEnabled":false,"rotationMatrix":[0.977407277,0.21136485,0,-0.21136485,0.977407277,0,0,0,1],"shapeName":"/levels/industrial/art/shapes/buildings/industrial_clutters/metal_drum_old_a.DAE"}
{"class":"TSStatic","persistentId":"9f48d750-dc67-4f52-a63b-daa1f716d613","__parent":"statics","position":[8.61749649,181.484406,37.5089378],"annotation":"OBSTACLES","isRenderEnabled":false,"rotationMatrix":[1,0,0,0,-0.258819014,0.965925634,0,-0.965925634,-0.258819014],"shapeName":"/levels/industrial/art/shapes/buildings/industrial_clutters/road_cone.DAE"}
{"class":"TSStatic","persistentId":"9f938696-b47a-4a82-b129-c7c03f740738","__parent":"statics","position":[203.739746,108.604805,36.1977692],"isRenderEnabled":false,"rotationMatrix":[0.998234034,0.000181121941,-0.0594030879,0.000181121941,0.999981403,0.00609262427,0.0594030879,-0.00609262427,0.998215497],"shapeName":"/levels/industrial/art/shapes/buildings/debris/big_pile.DAE","useInstanceRenderData":true}
{"class":"TSStatic","persistentId":"a2e12fa8-2a41-409b-9f3d-bb0b582977dc","__parent":"statics","position":[240.31665,174.559906,37.9600029],"isRenderEnabled":false,"shapeName":"/levels/industrial/art/shapes/buildings/debris/big_pile.DAE"}
{"class":"TSStatic","persistentId":"a2ef3a4f-9bf7-4ec4-92e5-3244dfcd2b49","__parent":"statics","position":[26.2005844,181.411362,37.3411865],"annotation":"OBSTACLES","isRenderEnabled":false,"rotationMatrix":[-1,-5.96046377e-08,0,5.96046377e-08,-1,0,0,0,1],"shapeName":"/levels/industrial/art/shapes/buildings/industrial_clutters/ind_pallet_cardboard.DAE"}
{"class":"TSStatic","persistentId":"aa7b7a8b-da8e-490b-a52b-5c6f7987150b","__parent":"statics","position":[175.591721,67.7658844,38.0877647],"isRenderEnabled":false,"shapeName":"/levels/industrial/art/shapes/buildings/debris/debris_a_s2.DAE"}
{"class":"TSStatic","persistentId":"ac14edf9-a2b3-423d-8260-003db1d1a2dd","__parent":"statics","position":[31.5749111,182.289688,37.3483925],"annotation":"OBSTACLES","isRenderEnabled":false,"rotationMatrix":[-0.99448365,-0.104892083,0,0.104892075,-0.99448365,0,0,0,1],"shapeName":"/levels/industrial/art/shapes/buildings/industrial_clutters/metal_drum_old_a.DAE"}
{"class":"TSStatic","persistentId":"af468c22-fe64-4ad7-b66e-f5f611a22964","__parent":"statics","position":[13.85396,180.015579,37.3421593],"isRenderEnabled":false,"shapeName":"/levels/industrial/art/shapes/buildings/industrial_clutters/ind_cardboards.DAE"}
{"class":"TSStatic","persistentId":"b2765179-5f45-4620-8642-8a747a40769c","__parent":"statics","position":[183.253479,99.2133179,37.6581116],"isRenderEnabled":false,"rotationMatrix":[0.999335408,-0.0121691963,0.0343610868,-0.0121691963,0.777177811,0.629163384,-0.0343610868,-0.629163384,0.776513219],"shapeName":"/levels/industrial/art/shapes/buildings/debris/small_pile_a.DAE","useInstanceRenderData":true}
{"class":"TSStatic","persistentId":"b3f3b4fd-1443-4ca5-add2-40877164500c","__parent":"statics","position":[178.484833,56.1140556,42.8140717],"isRenderEnabled":false,"rotationMatrix":[0.999337852,-0.013246947,-0.0338708609,0.00119351852,0.942750037,-0.333497167,0.0363494977,0.333235651,0.942141473],"shapeName":"/levels/industrial/art/shapes/buildings/debris/metal_pile.DAE"}
{"class":"TSStatic","persistentId":"bce593ce-e304-4061-b90e-c4289ac1a0fe","__parent":"statics","position":[178.984421,68.2908554,38.0415802],"isRenderEnabled":false,"rotationMatrix":[1,0,0,0,0.972764492,-0.231796116,0,0.231796116,0.972764492],"shapeName":"/levels/industrial/art/shapes/buildings/debris/medium_pile.DAE"}
{"class":"TSStatic","persistentId":"c010346b-9f87-44e9-b7ad-dd1d3f4565d4","__parent":"statics","position":[82.8476715,107.310715,37.215477],"annotation":"OBSTACLES","isRenderEnabled":false,"shapeName":"/levels/industrial/art/shapes/buildings/industrial_clutters/concrete_pallet.DAE"}
{"class":"TSStatic","persistentId":"c1815280-e9b6-46da-890e-edaa23814c38","__parent":"statics","position":[178.740479,63.6541977,39.6350555],"isRenderEnabled":false,"shapeName":"/levels/industrial/art/shapes/buildings/debris/debris_a_e.DAE"}
{"class":"TSStatic","persistentId":"c222ed13-0ba2-437b-98dd-b642225392bb","__parent":"statics","position":[2.00305462,180.093246,37.3402481],"annotation":"OBSTACLES","isRenderEnabled":false,"rotationMatrix":[-1,5.96046377e-08,0,-5.96046377e-08,-1,0,0,0,1],"shapeName":"/levels/industrial/art/shapes/buildings/industrial_clutters/ind_fullgasrack.DAE"}
{"class":"TSStatic","persistentId":"c411525b-6259-4dd0-8427-9adcc3a9bf4b","__parent":"statics","position":[199.821655,105.664566,36.6454239],"isRenderEnabled":false,"rotationMatrix":[0.991831124,-0.0146279586,-0.126716271,-0.0146279586,0.973805726,-0.226910532,0.126716271,0.226910532,0.965636909],"shapeName":"/levels/industrial/art/shapes/buildings/debris/small_pile_a.DAE","useInstanceRenderData":true}
{"class":"TSStatic","persistentId":"c482516b-5228-451a-9ab5-36dd0e3f47c2","__parent":"statics","position":[184.737167,98.9747009,37.5306931],"isRenderEnabled":false,"rotationMatrix":[0.999616027,-0.00470882095,0.0273064449,-0.00470882095,0.942254961,0.334863216,-0.0273064449,-0.334863216,0.941870987],"shapeName":"/levels/industrial/art/shapes/buildings/debris/small_pile_a.DAE","useInstanceRenderData":true}
{"class":"TSStatic","persistentId":"c6b69867-b471-4d47-8f14-13feae8d3a3c","__parent":"statics","position":[8.96098328,187.371735,37.3402481],"annotation":"OBSTACLES","isRenderEnabled":false,"shapeName":"/levels/industrial/art/shapes/buildings/industrial_clutters/ind_fullgasrack.DAE"}
{"class":"TSStatic","persistentId":"c72c6bae-be0a-48d3-b445-90a0355b68f7","__parent":"statics","position":[17.9925518,188.290894,37.3378677],"isRenderEnabled":false,"shapeName":"/levels/industrial/art/shapes/buildings/industrial_clutters/wood_crate_a.DAE"}
{"class":"TSStatic","persistentId":"cabe8e84-e703-43d9-a408-826b066c30b6","__parent":"statics","position":[185.950821,98.1504288,37.811142],"isRenderEnabled":false,"rotationMatrix":[0.975816309,0.00641607586,0.218497887,0.00641607586,0.998297751,-0.0579688288,-0.218497887,0.0579688288,0.97411412],"shapeName":"/levels/industrial/art/shapes/buildings/debris/debris_m_barbent_b.DAE","useInstanceRenderData":true}
{"class":"TSStatic","persistentId":"cc344113-c367-4b97-897a-39b517be5d67","__parent":"statics","position":[8.61749649,180.707504,37.3417168],"annotation":"OBSTACLES","isRenderEnabled":false,"rotationMatrix":[-0.340910703,0.940095127,0,-0.940095127,-0.340910703,0,0,0,1],"shapeName":"/levels/industrial/art/shapes/buildings/industrial_clutters/road_cone.DAE"}
{"class":"TSStatic","persistentId":"cd9bbc92-fea1-4784-aa87-bd7edc0218df","__parent":"statics","position":[174.836304,63.7552376,39.5400238],"isRenderEnabled":false,"rotationMatrix":[0.995848954,-0.010677686,-0.0903917104,0,0.993095279,-0.117311187,0.0910201818,0.116824239,0.988972902],"shapeName":"/levels/industrial/art/shapes/buildings/debris/debris_a_a.DAE"}
{"class":"TSStatic","persistentId":"cda322d9-fca1-40dc-b153-449c3d68d2f8","__parent":"statics","position":[19.2558117,188.168335,37.3405838],"annotation":"OBSTACLES","isRenderEnabled":false,"shapeName":"/levels/industrial/art/shapes/buildings/industrial_clutters/pallet_stack.DAE"}
{"class":"TSStatic","persistentId":"cdda96e9-632c-44e8-9f24-99a0c50b661b","__parent":"statics","position":[179.93634,89.1350327,35.8417816],"isRenderEnabled":false,"rotationMatrix":[0.999943852,0.00075432926,0.0105723571,0.00075432926,0.989870429,-0.141971648,-0.0105723571,0.141971648,0.989814281],"shapeName":"/levels/industrial/art/shapes/buildings/debris/medium_pile.DAE","useInstanceRenderData":true}
{"class":"TSStatic","persistentId":"cddc129e-b042-4460-b7d7-899d31771699","__parent":"statics","position":[184.032791,99.3859253,37.8319664],"isRenderEnabled":false,"rotationMatrix":[0.933212996,0.0622505322,-0.353890359,0.0622505322,0.941977799,0.329852521,0.353890359,-0.329852521,0.875190794],"shapeName":"/levels/industrial/art/shapes/buildings/debris/debris_m_barshort.DAE","useInstanceRenderData":true}
{"class":"TSStatic","persistentId":"ce7f13c8-daa1-44f4-aa5c-88ce509ab232","__parent":"statics","position":[183.486298,98.4769211,37.3241768],"isRenderEnabled":false,"rotationMatrix":[-0.0418471731,-0.731061578,0.681027234,0.999075592,-0.0239307228,0.0357015729,-0.00980261993,0.681891739,0.731387496],"shapeName":"/levels/industrial/art/shapes/buildings/debris/debris_b_brickwall.DAE","useInstanceRenderData":true}
{"class":"TSStatic","persistentId":"cfbd9866-5576-46c4-92b7-791deacf02e6","__parent":"statics","position":[181.619583,88.2143021,35.9971085],"isRenderEnabled":false,"rotationMatrix":[0.947692335,-0.00899408199,0.319058597,-0.00899408199,0.998453498,0.0548607558,-0.319058597,-0.0548607558,0.946145833],"shapeName":"/levels/industrial/art/shapes/buildings/debris/debris_a_a.DAE","useInstanceRenderData":true}
{"class":"TSStatic","persistentId":"d03fed60-ac92-4d45-9015-a0edaba80463","__parent":"statics","position":[1.97350872,181.378174,37.3411865],"annotation":"OBSTACLES","isRenderEnabled":false,"rotationMatrix":[-1,5.96046377e-08,0,-5.96046377e-08,-1,0,0,0,1],"shapeName":"/levels/industrial/art/shapes/buildings/industrial_clutters/ind_pallet_cardboard.DAE"}
{"class":"TSStatic","persistentId":"d7f6e773-d2d0-46da-b8ec-234404def256","__parent":"statics","position":[200.939728,90.7590027,37.3777771],"isRenderEnabled":false,"rotationMatrix":[0.990911245,0.0021445381,-0.13450022,0.0021445381,0.999493957,0.0317360051,0.13450022,-0.0317360051,0.990405202],"shapeName":"/levels/industrial/art/shapes/buildings/debris/debris_a_a.DAE","useInstanceRenderData":true}
{"class":"TSStatic","persistentId":"da5fb4c6-84c0-4940-9ec0-536f2526ed96","__parent":"statics","position":[179.510406,89.9485321,35.901516],"isRenderEnabled":false,"rotationMatrix":[0.999943852,0.00075432926,0.0105723571,0.00075432926,0.989870429,-0.141971648,-0.0105723571,0.141971648,0.989814281],"shapeName":"/levels/industrial/art/shapes/buildings/debris/small_pile_c.DAE","useInstanceRenderData":true}
{"class":"TSStatic","persistentId":"df04afb1-46a3-4b82-8e5b-75d1a8d0fcac","__parent":"statics","position":[182.857697,88.4384537,36.0754471],"isRenderEnabled":false,"rotationMatrix":[0.528346777,0.849028289,0,-0.849028289,0.528346777,0,0,0,1],"shapeName":"/levels/industrial/art/shapes/buildings/debris/debris_m_pipe.DAE"}
{"class":"TSStatic","persistentId":"e120379b-3cff-46e3-88ce-f7cc69fc93d2","__parent":"statics","position":[19.5001888,181.621109,37.3351288],"annotation":"OBSTACLES","isRenderEnabled":false,"shapeName":"/levels/industrial/art/shapes/buildings/industrial_clutters/metal_drum_a.DAE"}
{"class":"TSStatic","persistentId":"e1a5ac92-e240-49bc-802e-ec093dd006cb","__parent":"statics","position":[24.4591503,179.559723,37.3417168],"annotation":"OBSTACLES","isRenderEnabled":false,"rotationMatrix":[0.479068965,0.877777278,0,-0.877777278,0.479068965,0,0,0,1],"shapeName":"/levels/industrial/art/shapes/buildings/industrial_clutters/road_cone.DAE"}
{"class":"TSStatic","persistentId":"e3be81ba-f870-4056-a6e4-ff39663c0c36","__parent":"statics","position":[184.268799,97.8948975,37.3486252],"isRenderEnabled":false,"rotationMatrix":[0.999616027,-0.00470882095,0.0273064449,0.00539646344,0.999668837,-0.0251635909,-0.0271789078,0.0253012627,0.999310613],"shapeName":"/levels/industrial/art/shapes/buildings/debris/metal_pile.DAE","useInstanceRenderData":true}
{"class":"TSStatic","persistentId":"e6d8bfe0-2a14-4ad8-94b3-353dcefb7b90","__parent":"statics","position":[182.767181,88.0649338,36.1922684],"isRenderEnabled":false,"rotationMatrix":[0.999956071,-0.00889537297,0.00337863457,0.00767836999,0.964044988,0.265626609,-0.00561998319,-0.265588582,0.964069843],"shapeName":"/levels/industrial/art/shapes/buildings/debris/debris_m_pipe.DAE"}
{"class":"TSStatic","persistentId":"e808d4ba-82b6-43f1-8e5b-ea520e0e0f41","__parent":"statics","position":[14.4977398,178.838516,37.3398132],"isRenderEnabled":false,"rotationMatrix":[0.732685149,-0.680567503,0,0.680567503,0.732685149,0,0,0,1],"shapeName":"/levels/industrial/art/shapes/buildings/industrial_clutters/old_can_a.DAE"}
{"class":"TSStatic","persistentId":"e9db78d4-c773-441f-9ed0-48dcb6383d0d","__parent":"statics","position":[113.132408,34.0766068,35.9551048],"isRenderEnabled":false,"shapeName":"/levels/industrial/art/shapes/buildings/debris/metal_pile.DAE"}
{"class":"TSStatic","persistentId":"ebf92f97-210b-4a24-8dfe-c6bd5b4b2e78","__parent":"statics","position":[23.2905312,179.696365,37.5089378],"annotation":"OBSTACLES","isRenderEnabled":false,"rotationMatrix":[-7.45058131e-08,1,-1.4901163e-08,0.258819103,3.36769475e-08,0.965925872,0.965925872,6.81103884e-08,-0.258819103],"shapeName":"/levels/industrial/art/shapes/buildings/industrial_clutters/road_cone.DAE"}
{"class":"TSStatic","persistentId":"eefa6764-e01d-4ef0-bb6c-c4ca4d9964f2","__parent":"statics","position":[6.63463163,186.218781,37.3421593],"isRenderEnabled":false,"rotationMatrix":[0.977407277,0.21136485,0,-0.21136485,0.977407277,0,0,0,1],"shapeName":"/levels/industrial/art/shapes/buildings/industrial_clutters/ind_cardboards.DAE"}
{"class":"TSStatic","persistentId":"f03cfcde-3136-463c-9ea9-39235829a037","__parent":"statics","position":[184.298706,85.5381699,35.9236183],"isRenderEnabled":false,"rotationMatrix":[0.999984264,0.00169144874,0.00512478873,-0.00124427117,0.996292293,-0.086035192,-0.0052514174,0.0860276893,0.996278763],"shapeName":"/levels/industrial/art/shapes/buildings/debris/metal_pile.DAE"}
{"class":"TSStatic","persistentId":"f4aef624-1cb1-458e-8ae7-17a3f7364171","__parent":"statics","position":[183.659271,87.263443,35.955246],"isRenderEnabled":false,"shapeName":"/levels/industrial/art/shapes/buildings/debris/debris_m_can_b.DAE"}
{"class":"TSStatic","persistentId":"f93b0777-771e-4129-91c3-aaf9dcbf2f70","__parent":"statics","position":[-59.2649002,33.1401062,38.2849197],"annotation":"OBSTACLES","isRenderEnabled":false,"rotationMatrix":[0.44105643,-0.872931898,0.208467752,0.812252402,0.487051308,0.320977539,-0.381725997,0.0277593061,0.923858106],"shapeName":"/levels/industrial/art/shapes/buildings/industrial_clutters/ind_rack_s.DAE"}
{"class":"TSStatic","persistentId":"fb20075f-72b5-48fb-817d-f5cf5d0f757e","__parent":"statics","position":[178.771408,89.601738,35.9726715],"isRenderEnabled":false,"rotationMatrix":[0.993270755,-0.008214931,-0.115523748,-0.008214931,0.989971399,-0.141029,0.115523748,0.141029,0.983242154],"shapeName":"/levels/industrial/art/shapes/buildings/debris/small_pile_d.DAE","useInstanceRenderData":true}
{"class":"TSStatic","persistentId":"fcdb8798-0a62-46e3-8c5b-7b9cf8e1d4b1","__parent":"statics","position":[179.995148,67.2793503,38.4819717],"isRenderEnabled":false,"rotationMatrix":[1,0,0,0,0.947439611,-0.319934815,0,0.319934815,0.947439611],"shapeName":"/levels/industrial/art/shapes/buildings/debris/debris_b_col_big.DAE"}
{"class":"TSStatic","persistentId":"fe596737-0660-4cf8-bdae-d33ebbbfeadc","__parent":"statics","position":[6.57822466,187.484467,37.3324623],"annotation":"OBSTACLES","isRenderEnabled":false,"rotationMatrix":[0.954550385,-0.298049539,0,0.29804951,0.954550385,0,0,0,1],"shapeName":"/levels/industrial/art/shapes/buildings/industrial_clutters/ind_clutter_mix.DAE"}
{"name":"ind_clutter_big_2","internalName":"ind_clutter_big_2","class":"Prefab","persistentId":"0ba6131f-8ff0-4e74-8d48-6249ce6aea32","__parent":"statics","position":[203.155121,95.8628845,37.0418701],"annotation":"OBSTACLES","filename":"/levels/industrial/art/prefabs/ind_clutter_big_2.prefab.json","rotationMatrix":[0.290499061,-0.956602395,-0.0228836183,0.956689894,0.289887726,0.0266681556,-0.018877143,-0.0296396762,0.999382436]}
{"name":"ind_clutter_big_2_76920","internalName":"ind_clutter_big_2","class":"Prefab","persistentId":"13a0270d-92b3-4053-97ff-dc186df4285c","__parent":"statics","position":[176.935333,85.120163,36.9379501],"annotation":"OBSTACLES","filename":"/levels/industrial/art/prefabs/ind_clutter_big_2.prefab.json","rotationMatrix":[-0.875551045,-0.458954632,0.150901124,0.466033787,-0.884665251,0.0133566493,0.127366647,0.0820194185,0.988458276]}
{"name":"ind_clutter_huge_76932","internalName":"ind_clutter_huge","class":"Prefab","persistentId":"222ffa25-80f4-49bc-8a10-7680edfde628","__parent":"statics","position":[177.29866,45.9662437,45.7383156],"annotation":"OBSTACLES","filename":"/levels/industrial/art/prefabs/ind_clutter_huge.prefab.json","rotationMatrix":[0.170960858,-0.973389447,0.152622342,0.985183179,0.171073079,-0.01249927,-0.0139427679,0.152496561,0.988214314]}
{"name":"ind_clutter_big_1_76961","internalName":"ind_clutter_big_1","class":"Prefab","persistentId":"24d5a1fe-6c91-4983-b368-4694b5c8cc99","__parent":"statics","position":[174.630005,92.0933304,36.316967],"annotation":"OBSTACLES","filename":"/levels/industrial/art/prefabs/ind_clutter_big_1.prefab.json","rotationMatrix":[-0.0627295747,-0.997931361,-0.0140767163,0.995333195,-0.0615175255,-0.0743470341,0.0733272582,-0.0186747778,0.997133076]}
{"name":"ind_clutter_big_1_76971","internalName":"ind_clutter_big_1","class":"Prefab","persistentId":"2b9074c2-17dc-4b48-be13-c2d4dd27b35e","__parent":"statics","position":[193.83168,96.6382141,37.7489357],"annotation":"OBSTACLES","filename":"/levels/industrial/art/prefabs/ind_clutter_big_1.prefab.json","rotationMatrix":[-0.930773973,-0.365576059,0.00339621585,0.365466475,-0.930170953,0.0348377489,-0.00957681146,0.0336675718,0.999385476]}
{"name":"ind_clutter_huge_76981","internalName":"ind_clutter_huge","class":"Prefab","persistentId":"3c4e5e5d-6fc7-4b60-b871-7f9fc6963758","__parent":"statics","position":[157.183273,72.0624466,36.822525],"annotation":"OBSTACLES","filename":"/levels/industrial/art/prefabs/ind_clutter_huge.prefab.json","rotationMatrix":[-0.0365798287,-0.998430133,0.0425164998,0.99610132,-0.0330075771,0.081858173,-0.0803252682,0.045344308,0.995745718]}
{"name":"ind_clutter_huge_77010","internalName":"ind_clutter_huge","class":"Prefab","persistentId":"3e0bedb1-fceb-42c4-bf1c-3b4d68293559","__parent":"statics","position":[179.646011,72.429863,37.3265724],"annotation":"OBSTACLES","filename":"/levels/industrial/art/prefabs/ind_clutter_huge.prefab.json","rotationMatrix":[-0.975987077,0.201890469,-0.0817937106,-0.212921575,-0.963448226,0.162571505,-0.0459825583,0.176083311,0.983298957]}
{"name":"ind_clutter_big_1_77039","internalName":"ind_clutter_big_1","class":"Prefab","persistentId":"459f10d4-db09-4c3d-b2fa-b1931973eb4d","__parent":"statics","position":[206.594986,78.7246552,36.2293205],"annotation":"OBSTACLES","filename":"/levels/industrial/art/prefabs/ind_clutter_big_1.prefab.json","rotationMatrix":[0.999875247,-0.000681567995,-0.0157793686,-0.000867947005,0.9951877,-0.0979840904,0.0157702118,0.0979855657,0.995063007]}
{"name":"ind_clutter_big_2_77049","internalName":"ind_clutter_big_2","class":"Prefab","persistentId":"5ca60457-f628-4cc4-b375-2c89506f8861","__parent":"statics","position":[194.195877,79.0953217,37.1602631],"annotation":"OBSTACLES","filename":"/levels/industrial/art/prefabs/ind_clutter_big_2.prefab.json","rotationMatrix":[0.955109715,0.296253055,0,-0.294541001,0.949590325,-0.107348144,-0.031802211,0.102529272,0.99422133]}
{"name":"ind_clutter_big_1_77061","internalName":"ind_clutter_big_1","class":"Prefab","persistentId":"63e4baf9-5eb5-459a-972e-c4e94108791a","__parent":"statics","position":[195.091675,103.516632,37.3352432],"annotation":"OBSTACLES","filename":"/levels/industrial/art/prefabs/ind_clutter_big_1.prefab.json","rotationMatrix":[0.998998821,-0.00466459105,-0.0444917977,4.88944352e-09,0.994549572,-0.104270041,0.044735685,0.104165696,0.993553817]}
