{"internalName":"NewCamera_15","class":"CameraBookmark","persistentId":"006fbf1b-3bd3-4c84-80c5-62317dcfeed0","__parent":"CameraBookmarks","position":[-188.766998,-61.6749992,43.8899994],"dataBlock":"CameraBookmarkMarker","isAIControlled":"0","observer":false,"rotationMatrix":[0.370378911,-0.928880751,-1.78813934e-07,0.78519851,0.313087642,-0.53426528,0.496268809,0.197880447,0.845316887]}
{"internalName":"NewCamera_9","class":"CameraBookmark","persistentId":"0f326216-d8b6-4b2f-8219-cbfd96869a7f","__parent":"CameraBookmarks","position":[125.538002,445.347992,65.9934006],"dataBlock":"CameraBookmarkMarker","isAIControlled":"0","rotationMatrix":[0.879829466,-0.475289524,2.98023224e-07,0.448102295,0.829501808,-0.333363295,0.158443823,0.293302953,0.942798436]}
{"internalName":"NewCamera_28","class":"CameraBookmark","persistentId":"145131b2-67d7-45f0-a5f2-f7c11a538096","__parent":"CameraBookmarks","position":[37.2145004,89.8873978,47.2939987],"dataBlock":"CameraBookmarkMarker","isAIControlled":"0","observer":false,"rotationMatrix":[-0.57418108,0.818728328,3.7252903e-07,-0.67618084,-0.474211097,-0.563829064,-0.461622655,-0.323740274,0.825891495]}
{"internalName":"NewCamera_0","class":"CameraBookmark","persistentId":"2606f409-c84c-4030-8571-6b257a7b568a","__parent":"CameraBookmarks","position":[307.786987,213.682007,208.089005],"dataBlock":"CameraBookmarkMarker","isAIControlled":"0","observer":false,"rotationMatrix":[-0.462918043,0.886401296,1.4603138e-06,-0.62720108,-0.327551126,-0.706632435,-0.626359344,-0.327113688,0.707580864]}
{"internalName":"NewCamera_20","class":"CameraBookmark","persistentId":"2bedb783-c446-4496-b05f-607253b4f2cd","__parent":"CameraBookmarks","position":[148.882996,-97.2208023,88.487999],"dataBlock":"CameraBookmarkMarker","isAIControlled":"0","observer":false,"rotationMatrix":[0.905348659,-0.424668998,-2.83122063e-07,0.300546318,0.640732884,-0.706493676,0.300026119,0.639622986,0.707719386]}
{"internalName":"NewCamera_10","class":"CameraBookmark","persistentId":"2dfa864d-d22c-452b-84e7-d1708df0854f","__parent":"CameraBookmarks","position":[45.9630013,120.809998,72.1875992],"dataBlock":"CameraBookmarkMarker","isAIControlled":"0","observer":false,"rotationMatrix":[-0.84841764,0.529327333,2.33948231e-06,-0.417230338,-0.668743372,-0.615386963,-0.325739622,-0.522106171,0.788225114]}
{"internalName":"NewCamera_19","class":"CameraBookmark","persistentId":"3361be8a-d69a-4f80-9ec1-0c00d8e0cb20","__parent":"CameraBookmarks","position":[-0.0199386999,183.705002,44.7127991],"dataBlock":"CameraBookmarkMarker","isAIControlled":"0","observer":false}
{"internalName":"NewCamera_39","class":"CameraBookmark","persistentId":"39a77405-0aa9-4497-b2e3-88b7bccb9ff4","__parent":"CameraBookmarks","position":[-146.423874,71.5135193,36.2515068],"dataBlock":"CameraBookmarkMarker","rotationMatrix":[-0.780771613,0.624816358,1.49011612e-08,-0.605123699,-0.756163597,-0.249082029,-0.155630529,-0.194476217,0.968482375]}
{"internalName":"NewCamera_8","class":"CameraBookmark","persistentId":"4069372e-2af7-4f44-8b8a-c1a6d4fe5559","__parent":"CameraBookmarks","position":[-636.458008,216.757004,41.7475014],"dataBlock":"CameraBookmarkMarker","isAIControlled":"0","observer":false,"rotationMatrix":[-0.994472504,-0.104995482,1.39698386e-07,0.0941454694,-0.891706467,-0.442714244,0.0464831218,-0.440267235,0.896662712]}
{"internalName":"NewCamera_35","class":"CameraBookmark","persistentId":"42711e37-1155-4f84-8951-2de69eccfc75","__parent":"CameraBookmarks","position":[-161.490829,132.160172,68.8055344],"dataBlock":"CameraBookmarkMarker","rotationMatrix":[-0.889839649,0.456272483,2.98023224e-08,-0.223343313,-0.435572386,-0.872005641,-0.397872269,-0.775945604,0.489495516]}
{"internalName":"NewCamera_5","class":"CameraBookmark","persistentId":"4408884d-5d79-4f3b-b238-b284e20d1127","__parent":"CameraBookmarks","position":[107.007004,-309.080994,59.7041016],"dataBlock":"CameraBookmarkMarker","isAIControlled":"0","observer":false,"rotationMatrix":[0.861552596,-0.507668316,-1.86264515e-08,0.500741422,0.84979713,-0.164629623,0.0835772604,0.141837075,0.986355484]}
{"internalName":"NewCamera_14","class":"CameraBookmark","persistentId":"47b0eceb-1257-49bc-8a3f-029f523f3853","__parent":"CameraBookmarks","position":[47.9729996,149.233994,61.5996017],"dataBlock":"CameraBookmarkMarker","isAIControlled":"0","observer":false,"rotationMatrix":[-0.718338728,0.695693612,-2.68220901e-07,-0.53828609,-0.555807829,-0.63350296,-0.440724105,-0.455069542,0.773740292]}
{"internalName":"NewCamera_13","class":"CameraBookmark","persistentId":"4d596918-e98b-4a7c-94b3-b61a41bd51b8","__parent":"CameraBookmarks","position":[-536.984985,203.442001,69.7931976],"dataBlock":"CameraBookmarkMarker","isAIControlled":"0","rotationMatrix":[-0.73985672,0.67276454,-8.64267349e-07,-0.381931663,-0.420021176,-0.823231697,-0.553841472,-0.609073162,0.567705512]}
{"internalName":"NewCamera_25","class":"CameraBookmark","persistentId":"4e96924b-d6b9-48b8-b865-d0d6d7e531c9","__parent":"CameraBookmarks","position":[147.751007,-447.339996,41.9315987],"dataBlock":"CameraBookmarkMarker","isAIControlled":"0","observer":false,"rotationMatrix":[-0.810232282,0.586108863,-5.86733222e-08,-0.585771382,-0.809765816,-0.0339286476,-0.0198859274,-0.0274900515,0.999424279]}
{"internalName":"NewCamera_37","class":"CameraBookmark","persistentId":"5f2deba6-533d-4c84-ae90-c156603f3af2","__parent":"CameraBookmarks","position":[-191.554718,160.325058,40.00634],"dataBlock":"CameraBookmarkMarker","rotationMatrix":[-0.000914335251,0.999999523,1.49011612e-08,-0.886960626,-0.000810980797,-0.461844265,-0.461844087,-0.000422343612,0.886961043]}
{"internalName":"NewCamera_21","class":"CameraBookmark","persistentId":"63a52921-5c87-4020-bc5f-8814de99011f","__parent":"CameraBookmarks","position":[133.789993,-111.328003,51.1861992],"dataBlock":"CameraBookmarkMarker","isAIControlled":"0","observer":false,"rotationMatrix":[-0.772624016,0.634864271,-2.08616257e-06,-0.498540103,-0.606720805,-0.619151056,-0.393078119,-0.478369772,0.785271943]}
{"internalName":"NewCamera_6","class":"CameraBookmark","persistentId":"69eeb97a-9beb-4850-9dee-1de63e500244","__parent":"CameraBookmarks","position":[192.404007,-217.804993,65.0533981],"dataBlock":"CameraBookmarkMarker","isAIControlled":"0","observer":false,"rotationMatrix":[0.677868187,-0.735183477,-2.68220901e-07,0.562586069,0.518726826,-0.643754184,0.473277539,0.436380327,0.765232384]}
{"internalName":"NewCamera_18","class":"CameraBookmark","persistentId":"7b2dec1b-44ea-464b-92c8-344aec4f6b03","__parent":"CameraBookmarks","position":[195.035004,-30.3544006,43.1896019],"dataBlock":"CameraBookmarkMarker","isAIControlled":"0","observer":false}
{"internalName":"NewCamera_2","class":"CameraBookmark","persistentId":"7d79acdf-56ab-435f-bbe8-10b86654326a","__parent":"CameraBookmarks","position":[188.095001,366.471008,94.3695984],"dataBlock":"CameraBookmarkMarker","isAIControlled":"0","observer":false,"rotationMatrix":[0.17652905,0.984295487,3.27825546e-07,-0.71547091,0.12831676,-0.686757803,-0.675972581,0.12123251,0.726886332]}
{"internalName":"NewCamera_31","class":"CameraBookmark","persistentId":"88c0ce05-ed2f-4905-a157-571daf068261","__parent":"CameraBookmarks","position":[-9.86219025,-181.970993,488.024994],"dataBlock":"CameraBookmarkMarker","isAIControlled":"0","observer":false,"rotationMatrix":[-0.999286056,0.0377836898,-5.61028719e-06,-1.81421638e-06,-0.000196576118,-1,-0.0377836898,-0.999285996,0.0001963377]}
{"internalName":"NewCamera_27","class":"CameraBookmark","persistentId":"8d0adf87-a5f8-4ca7-b7a8-3d7a0b40b015","__parent":"CameraBookmarks","position":[95.6417999,-23.1762009,44.1837997],"dataBlock":"CameraBookmarkMarker","isAIControlled":"0","observer":false,"rotationMatrix":[-0.929665208,-0.368405998,-3.04728746e-06,0.27308476,-0.689118385,-0.671223342,0.247280598,-0.624013722,0.741255164]}
{"internalName":"NewCamera_22","class":"CameraBookmark","persistentId":"8e4a966b-df9e-47b2-8f93-3a315b9ebb9a","__parent":"CameraBookmarks","position":[-179.388,94.0615005,54.6755981],"dataBlock":"CameraBookmarkMarker","isAIControlled":"0","observer":false,"rotationMatrix":[0.999999106,-0.00135547249,1.30967237e-10,0.00130583579,0.963379562,-0.268138289,0.000363453932,0.268138051,0.963380456]}
{"internalName":"NewCamera_32","class":"CameraBookmark","persistentId":"9355acb6-1c7b-4a9f-bae7-47947dd803a6","__parent":"CameraBookmarks","position":[197.865005,-416.566986,101.257004],"dataBlock":"CameraBookmarkMarker","isAIControlled":"0","observer":false,"rotationMatrix":[0.770190895,-0.637813449,-8.94069672e-08,0.0510093868,0.0615963936,-0.996796906,0.63577044,0.767723858,0.0799754262]}
{"internalName":"NewCamera_16","class":"CameraBookmark","persistentId":"960664d5-7e23-4932-9af9-4cc54c93eeb9","__parent":"CameraBookmarks","position":[-190.973007,-70.1071014,47.7636986],"dataBlock":"CameraBookmarkMarker","isAIControlled":"0","observer":false,"rotationMatrix":[0.860084593,-0.510151446,4.47034836e-08,0.438574255,0.739409685,-0.510809124,0.260590017,0.439339072,0.859694123]}
{"internalName":"NewCamera_36","class":"CameraBookmark","persistentId":"a45d1d9b-64c8-4f1f-8af3-52243bf939bf","__parent":"CameraBookmarks","position":[-4.20907545,-41.3957367,43.4103088],"dataBlock":"CameraBookmarkMarker","rotationMatrix":[-0.505588531,-0.862774551,2.98023224e-08,0.61202842,-0.358650565,-0.704833806,0.608112693,-0.356355965,0.709372401]}
{"internalName":"NewCamera_12","class":"CameraBookmark","persistentId":"b2398419-6285-4cde-b4e9-2d81f9343832","__parent":"CameraBookmarks","position":[-703.59198,199.483994,57.6371002],"dataBlock":"CameraBookmarkMarker","isAIControlled":"0","observer":false,"rotationMatrix":[0.463261962,-0.886221409,-1.07288361e-06,0.542212963,0.283436418,-0.790992379,0.70099467,0.366436124,0.611826003]}
{"internalName":"NewCamera_23","class":"CameraBookmark","persistentId":"c5d685e5-47a2-4190-ad21-6e014799b1c4","__parent":"CameraBookmarks","position":[226.839005,-31.4951992,53.6795006],"dataBlock":"CameraBookmarkMarker","isAIControlled":"0","observer":false,"rotationMatrix":[0.0721260905,0.997395575,-1.07288361e-06,-0.889460862,0.0643213391,0.452462345,0.451283991,-0.032633394,0.891783535]}
{"name":"comp1","internalName":"NewCamera_30","class":"CameraBookmark","persistentId":"c9fd98a6-50d4-4fc6-a8b0-bfa0343f056a","__parent":"CameraBookmarks","position":[215.727005,100.560997,42.5990982],"dataBlock":"CameraBookmarkMarker","isAIControlled":"0","observer":false,"rotationMatrix":[-0.0860433578,-0.996291459,2.46800482e-08,0.996268332,-0.0860413313,0.00681927428,-0.00679398188,0.000586776994,0.999976754]}
{"internalName":"NewCamera_4","class":"CameraBookmark","persistentId":"cde03fa4-1664-4f89-ae34-698a3a075ad4","__parent":"CameraBookmarks","position":[34.3703995,189.037994,68.6708984],"dataBlock":"CameraBookmarkMarker","isAIControlled":"0","observer":false,"rotationMatrix":[-0.648367167,-0.761327922,6.70552254e-07,0.646510422,-0.550586104,-0.528090358,0.402050257,-0.342395961,0.849188209]}
{"internalName":"NewCamera_26","class":"CameraBookmark","persistentId":"d6f3c737-ea77-4752-b4dd-891ee2687fbc","__parent":"CameraBookmarks","position":[290.863007,-34.3933983,114.065002],"dataBlock":"CameraBookmarkMarker","isAIControlled":"0","rotationMatrix":[-0.709935069,0.704267144,1.07288361e-06,-0.409510136,-0.412804604,-0.813568592,-0.572969198,-0.577581286,0.581468999]}
{"name":"overviewbookmark","internalName":"NewCamera_34","class":"CameraBookmark","persistentId":"da4e7d28-2d26-47a3-94b7-c5c05a3b9cc3","__parent":"CameraBookmarks","position":[-262.862,-366.277008,57.0648003],"dataBlock":"CameraBookmarkMarker","isAIControlled":"0","observer":false,"rotationMatrix":[-0.0467306376,-0.998907566,-1.96695328e-06,0.857709646,-0.0401241779,-0.512566328,0.512006283,-0.0239542276,0.858647645]}
{"internalName":"NewCamera_33","class":"CameraBookmark","persistentId":"e0ef2415-6995-4b07-be8b-5c8db12ae63f","__parent":"CameraBookmarks","position":[156.748993,-413.561005,53.9976006],"dataBlock":"CameraBookmarkMarker","isAIControlled":"0","observer":false,"rotationMatrix":[-0.972328782,0.233616799,4.65661287e-06,-0.154973865,-0.644996643,-0.748306334,-0.174813926,-0.727600515,0.663353324]}
{"internalName":"NewCamera_7","class":"CameraBookmark","persistentId":"e2974cc0-da69-4d29-8102-34177f20a027","__parent":"CameraBookmarks","position":[-38.8577003,-393.140991,65.1981964],"dataBlock":"CameraBookmarkMarker","isAIControlled":"0","observer":false,"rotationMatrix":[-0.734676242,-0.678417921,-3.12924385e-07,0.577609301,-0.625507832,-0.524506927,0.355834723,-0.385342956,0.851406157]}
{"internalName":"NewCamera_38","class":"CameraBookmark","persistentId":"e4383080-4cba-4bcb-ac32-aa68b65196c5","__parent":"CameraBookmarks","position":[-301.818146,187.80542,40.1141281],"dataBlock":"CameraBookmarkMarker","rotationMatrix":[0.0506153703,-0.998718262,2.98023224e-08,0.91593945,0.0464200974,-0.398622811,0.39811185,0.0201764852,0.917114973]}
{"internalName":"NewCamera_29","class":"CameraBookmark","persistentId":"e814cac8-65dc-4b34-bcab-3df001798511","__parent":"CameraBookmarks","position":[165.735992,-86.0779037,58.0852013],"dataBlock":"CameraBookmarkMarker","isAIControlled":"0","rotationMatrix":[0.54072547,-0.8411991,-7.4505806e-07,0.440523207,0.283170462,-0.851911843,0.716627717,0.460650146,0.523685277]}
{"internalName":"NewCamera_24","class":"CameraBookmark","persistentId":"ec4b8a14-9f52-4cf2-bd9a-e8de26ad35c3","__parent":"CameraBookmarks","position":[13.7879,-302.424988,40.2999992],"dataBlock":"CameraBookmarkMarker","isAIControlled":"0","observer":false,"rotationMatrix":[-0.86035955,-0.509687662,-1.28638931e-08,0.509685755,-0.860356331,-0.00271037407,0.0013814331,-0.00233190274,0.999996305]}
{"internalName":"NewCamera_3","class":"CameraBookmark","persistentId":"f544e22a-25ad-4cb8-a5d4-1bda2a7648f5","__parent":"CameraBookmarks","position":[0.662711978,56.9724007,85.3429031],"dataBlock":"CameraBookmarkMarker","isAIControlled":"0","observer":false,"rotationMatrix":[0.9547593,-0.297379673,-1.34110451e-07,0.185373798,0.59515655,-0.781936824,0.232532188,0.746561468,0.623357654]}
{"internalName":"NewCamera_11","class":"CameraBookmark","persistentId":"f6501a7c-2169-4524-b83d-584eb2a39ca4","__parent":"CameraBookmarks","position":[282.546997,510.158997,68.2899017],"dataBlock":"CameraBookmarkMarker","isAIControlled":"0","observer":false,"rotationMatrix":[0.533380747,-0.845875323,-3.27825546e-07,0.816898763,0.515109181,-0.259497523,0.219502702,0.138410717,0.96574378]}
{"internalName":"NewCamera_17","class":"CameraBookmark","persistentId":"f88dae2c-99de-43f2-9285-d77344133bbb","__parent":"CameraBookmarks","position":[94.4384995,-0.0908749029,45.0228996],"dataBlock":"CameraBookmarkMarker","isAIControlled":"0","observer":false,"rotationMatrix":[-0.991424084,-0.130681932,2.10478902e-07,0.129153103,-0.979825974,-0.152512848,0.0199308805,-0.151204914,0.988301516]}
