{"name":"p_jerseybarrier_fence1","internalName":"p_jerseybarrier_fence1","class":"Prefab","persistentId":"5799ccd4-ed2c-4ec7-9231-307c3b75e026","__parent":"port","position":[421.59024,1737.68506,74.6383591],"filename":"/levels/west_coast_usa/art/prefabs/p_jerseybarrier_fence.prefab.json","rotationMatrix":[-0.99987781,-0.0154303452,-0.00246462738,0.0154262604,-0.999879599,0.00166787137,-0.00249006646,0.0016296478,0.999995589]}
{"name":"p_jerseybarrier_fence3","internalName":"p_jerseybarrier_fence3","class":"Prefab","persistentId":"1fe4d1b8-d830-414e-bc0a-b640fd4cf06b","__parent":"port","position":[421.668396,1734.63916,74.6384048],"filename":"/levels/west_coast_usa/art/prefabs/p_jerseybarrier_fence.prefab.json","rotationMatrix":[-0.999316752,-0.0369524993,-0.000680754601,0.036958769,-0.999147236,-0.0184067152,0,-0.0184192993,0.999830246]}
{"name":"p_jerseybarrier_fence4","internalName":"p_jerseybarrier_fence4","class":"Prefab","persistentId":"fe6875dc-e462-4feb-81c7-7988345f33fe","__parent":"port","position":[421.794098,1731.56458,74.6387405],"filename":"/levels/west_coast_usa/art/prefabs/p_jerseybarrier_fence.prefab.json","rotationMatrix":[-0.996665239,-0.081555672,-0.00269423076,0.0815555081,-0.996668935,0.000168503117,-0.0026989982,-5.17881817e-05,0.999996364]}
{"name":"p_jerseybarrier_fence5","internalName":"p_jerseybarrier_fence5","class":"Prefab","persistentId":"6c12c14d-c56e-46a3-a4af-c50fed52d5e8","__parent":"port","position":[422.040771,1728.5094,74.6392593],"filename":"/levels/west_coast_usa/art/prefabs/p_jerseybarrier_fence.prefab.json","rotationMatrix":[-0.996818662,-0.0796437636,-0.00306034251,0.0796436444,-0.996823311,0.000158617579,-0.00306325383,-8.56238912e-05,0.999995291]}
{"name":"p_jerseybarrier_fence6","internalName":"p_jerseybarrier_fence6","class":"Prefab","persistentId":"64a3d771-cfb1-4ce8-912c-0339547de731","__parent":"port","position":[422.279388,1725.46863,74.6397171],"filename":"/levels/west_coast_usa/art/prefabs/p_jerseybarrier_fence.prefab.json","rotationMatrix":[-0.996898651,-0.0786228701,-0.00338486326,0.0786228105,-0.996904373,0.00015012738,-0.00338618853,-0.000116465657,0.999994278]}
{"name":"p_jerseybarrier_fence7","internalName":"p_jerseybarrier_fence7","class":"Prefab","persistentId":"8cd67d1a-2658-4d39-9e8d-3dae97db8cef","__parent":"port","position":[422.508118,1722.42712,74.6401215],"filename":"/levels/west_coast_usa/art/prefabs/p_jerseybarrier_fence.prefab.json","rotationMatrix":[-0.997087717,-0.0727542713,-0.0228634272,0.0724861845,-0.997292995,0.0123445773,-0.023699658,0.0106513454,0.999662399]}
{"name":"p_jerseybarrier_fence8","internalName":"p_jerseybarrier_fence8","class":"Prefab","persistentId":"bf0c3d39-7dba-42e9-9760-6ae9993a8f46","__parent":"port","position":[422.700989,1719.38342,74.6304245],"filename":"/levels/west_coast_usa/art/prefabs/p_jerseybarrier_fence.prefab.json","rotationMatrix":[-0.998099566,-0.061402712,-0.005174038,0.0614730604,-0.997999549,-0.0147580588,-0.00425750297,-0.0150480783,0.999877691]}
{"name":"p_jerseybarrier_fence9","internalName":"p_jerseybarrier_fence9","class":"Prefab","persistentId":"6a1e357e-cfa0-4dba-8e76-00a3574fe30a","__parent":"port","position":[422.85199,1716.33691,74.6329651],"filename":"/levels/west_coast_usa/art/prefabs/p_jerseybarrier_fence.prefab.json","rotationMatrix":[-0.999047637,-0.0432531983,-0.00573845021,0.0432450995,-0.999063373,0.00152779045,-0.00579915661,0.00127817574,0.999982357]}
{"name":"p_jerseybarrier_fence10","internalName":"p_jerseybarrier_fence10","class":"Prefab","persistentId":"bd3d2ccb-b52d-46cc-89eb-280e58f5c46d","__parent":"port","position":[422.983063,1713.28955,74.6377716],"filename":"/levels/west_coast_usa/art/prefabs/p_jerseybarrier_fence.prefab.json","rotationMatrix":[-0.999174476,-0.0404433422,-0.00381033449,0.0404296108,-0.999175787,0.00361503987,-0.00395339867,0.00345800538,0.999986231]}
{"name":"p_jerseybarrier_fence11","internalName":"p_jerseybarrier_fence11","class":"Prefab","persistentId":"0f443e18-f667-4511-b736-dbe9069cfbfc","__parent":"port","position":[423.106384,1710.24194,74.6493301],"filename":"/levels/west_coast_usa/art/prefabs/p_jerseybarrier_fence.prefab.json","rotationMatrix":[-0.999165297,-0.0408455394,-0.000752495835,0.0408435948,-0.999162674,0.00244431547,-0.000851705088,0.00241154036,0.999996722]}
{"name":"p_jerseybarrier_fence12","internalName":"p_jerseybarrier_fence12","class":"Prefab","persistentId":"87d346a9-10fa-45e2-811d-fb6d48c250d6","__parent":"port","position":[423.230957,1707.19421,74.6567154],"filename":"/levels/west_coast_usa/art/prefabs/p_jerseybarrier_fence.prefab.json","rotationMatrix":[-0.99915576,-0.0408322811,0.00451126834,0.0408435911,-0.999162436,0.0024443157,0.00440768385,0.00262650847,0.999986827]}
{"name":"p_jerseybarrier_fence13","internalName":"p_jerseybarrier_fence13","class":"Prefab","persistentId":"a16b02b9-39c8-41e7-957c-f001f78795f2","__parent":"port","position":[423.35495,1704.14661,74.6809769],"filename":"/levels/west_coast_usa/art/prefabs/p_jerseybarrier_fence.prefab.json","rotationMatrix":[-0.999120951,-0.0405176878,0.0107441414,0.0406021848,-0.99914515,0.00776654901,0.010420274,0.0081959581,0.999912143]}
{"name":"p_jerseybarrier_fence14","internalName":"p_jerseybarrier_fence14","class":"Prefab","persistentId":"cfac539f-b2f8-4cd9-be89-d258359c1838","__parent":"port","position":[423.477875,1701.099,74.6952362],"filename":"/levels/west_coast_usa/art/prefabs/p_jerseybarrier_fence.prefab.json","rotationMatrix":[-0.999201059,-0.0396738946,0.00482445909,0.0396872684,-0.99920845,0.00270790281,0.00471320702,0.00289720902,0.999984682]}
{"name":"p_jerseybarrier_fence15","internalName":"p_jerseybarrier_fence15","class":"Prefab","persistentId":"13e649d8-8ec8-4913-9671-08efc0459765","__parent":"port","position":[423.598907,1698.05127,74.7035675],"filename":"/levels/west_coast_usa/art/prefabs/p_jerseybarrier_fence.prefab.json","rotationMatrix":[-0.999199867,-0.0396731161,0.00509494217,0.0396872722,-0.999208689,0.00270790281,0.00498347869,0.00290794019,0.99998337]}
{"name":"p_jerseybarrier_fence16","internalName":"p_jerseybarrier_fence16","class":"Prefab","persistentId":"ca4776a6-d434-48b5-9e48-fd2b251b10d5","__parent":"port","position":[423.721527,1695.00354,74.7129669],"filename":"/levels/west_coast_usa/art/prefabs/p_jerseybarrier_fence.prefab.json","rotationMatrix":[-0.999163985,-0.0403836705,0.00636016717,0.0404017232,-0.99917984,0.00273566041,0.00624447456,0.00299033523,0.999976039]}
{"name":"p_jerseybarrier_fence17","internalName":"p_jerseybarrier_fence17","class":"Prefab","persistentId":"b455cb96-f1ff-4894-a145-f48c6b89b256","__parent":"port","position":[423.845276,1691.95581,74.7199783],"filename":"/levels/west_coast_usa/art/prefabs/p_jerseybarrier_fence.prefab.json","rotationMatrix":[-0.999040604,-0.0429921113,0.00832569692,0.0429633223,-0.999070048,-0.00360626192,0.00847299676,-0.00324510294,0.999958813]}
{"name":"p_jerseybarrier_fence18","internalName":"p_jerseybarrier_fence18","class":"Prefab","persistentId":"22337c57-f46e-43bd-90d4-bcfd2a133d1c","__parent":"port","position":[423.976349,1688.90845,74.715332],"filename":"/levels/west_coast_usa/art/prefabs/p_jerseybarrier_fence.prefab.json","rotationMatrix":[-0.99887383,-0.0430270508,0.019993091,0.042963326,-0.999070168,-0.00360626192,0.0201296676,-0.0027432309,0.999793589]}
{"name":"p_jerseybarrier_fence19","internalName":"p_jerseybarrier_fence19","class":"Prefab","persistentId":"965f3f56-480c-4c6f-b43b-31e85951658a","__parent":"port","position":[424.117828,1685.86157,74.6868134],"filename":"/levels/west_coast_usa/art/prefabs/p_jerseybarrier_fence.prefab.json","rotationMatrix":[-0.998676538,-0.0488385856,0.0161281154,0.048733063,-0.998788238,-0.0068724528,0.0164442137,-0.00607738458,0.999846339]}
{"name":"p_jerseybarrier_fence20","internalName":"p_jerseybarrier_fence20","class":"Prefab","persistentId":"5d0aaf43-3625-4dda-bfdb-d4beb8ff6700","__parent":"port","position":[424.272644,1682.81543,74.6745987],"filename":"/levels/west_coast_usa/art/prefabs/p_jerseybarrier_fence.prefab.json","rotationMatrix":[-0.998530746,-0.0540365875,0.0040665539,0.054023996,-0.998534679,-0.00314445444,0.00423051044,-0.00292014261,0.999986768]}
{"name":"p_jerseybarrier_fence21","internalName":"p_jerseybarrier_fence21","class":"Prefab","persistentId":"4dd91bb0-1536-44c6-b3a9-f9a2d739c1c2","__parent":"port","position":[424.437622,1679.76965,74.6650085],"filename":"/levels/west_coast_usa/art/prefabs/p_jerseybarrier_fence.prefab.json","rotationMatrix":[-0.998527884,-0.0542035401,-0.00197840482,0.0542060211,-0.998528957,-0.00122457684,-0.00190911826,-0.0013300156,0.999997318]}
{"name":"p_jerseybarrier_fence22","internalName":"p_jerseybarrier_fence22","class":"Prefab","persistentId":"ce1b3125-32dd-4331-be6e-bc810d662ae5","__parent":"port","position":[424.598602,1676.72375,74.6640625],"filename":"/levels/west_coast_usa/art/prefabs/p_jerseybarrier_fence.prefab.json","rotationMatrix":[-0.998792887,-0.0490755104,-0.00212744996,0.0490755551,-0.998795152,3.16480327e-05,-0.00212643947,-7.27959414e-05,0.999997735]}
{"name":"p_jerseybarrier_fence23","internalName":"p_jerseybarrier_fence23","class":"Prefab","persistentId":"dfb37e23-b2c2-4c6f-88d9-e022fb66410d","__parent":"port","position":[424.746582,1673.67712,74.6643753],"filename":"/levels/west_coast_usa/art/prefabs/p_jerseybarrier_fence.prefab.json","rotationMatrix":[-0.999069571,-0.0430913456,-0.00180827221,0.0430916212,-0.99907124,-0.000114027731,-0.00180167891,-0.000191843021,0.999998331]}
{"name":"p_jerseybarrier_fence24","internalName":"p_jerseybarrier_fence24","class":"Prefab","persistentId":"9368373d-efdc-4a49-9993-7e87778b4c14","__parent":"port","position":[424.878021,1670.62976,74.664032],"filename":"/levels/west_coast_usa/art/prefabs/p_jerseybarrier_fence.prefab.json","rotationMatrix":[-0.999069095,-0.0430913009,-0.00202915003,0.0430916212,-0.999071121,-0.000114027731,-0.00202235137,-0.000201360934,0.999997914]}
{"name":"p_jerseybarrier_fence25","internalName":"p_jerseybarrier_fence25","class":"Prefab","persistentId":"02be6a33-43b5-441a-ab80-7f9d1db69665","__parent":"port","position":[425.003387,1667.58215,74.6629181],"filename":"/levels/west_coast_usa/art/prefabs/p_jerseybarrier_fence.prefab.json","rotationMatrix":[-0.999054432,-0.040271394,-0.0163884517,0.0402855203,-0.999188185,-0.000532452017,-0.0163537022,-0.00119216577,0.999865532]}
{"name":"p_jerseybarrier_fence26","internalName":"p_jerseybarrier_fence26","class":"Prefab","persistentId":"099a609f-b4da-4e5d-a6bc-0d032a85295c","__parent":"port","position":[425.126038,1664.53442,74.6609192],"filename":"/levels/west_coast_usa/art/prefabs/p_jerseybarrier_fence.prefab.json","rotationMatrix":[-0.999199748,-0.039950747,-0.00193091063,0.0399526767,-0.999201059,-0.000973264745,-0.00189048541,-0.00104963104,0.999997675]}
{"name":"p_jerseybarrier_fence27","internalName":"p_jerseybarrier_fence27","class":"Prefab","persistentId":"32c15624-2f99-4244-9e79-5e79b8a852cd","__parent":"port","position":[425.247894,1661.48669,74.657959],"filename":"/levels/west_coast_usa/art/prefabs/p_jerseybarrier_fence.prefab.json","rotationMatrix":[-0.999200702,-0.0399512574,-0.00144132588,0.0399526805,-0.999201179,-0.000973264745,-0.00140129135,-0.00103007152,0.99999851]}
{"name":"p_jerseybarrier_fence28","internalName":"p_jerseybarrier_fence28","class":"Prefab","persistentId":"1629208e-e170-4697-890c-262e55779fcc","__parent":"port","position":[425.373688,1658.43909,74.654129],"filename":"/levels/west_coast_usa/art/prefabs/p_jerseybarrier_fence.prefab.json","rotationMatrix":[-0.999120712,-0.0418476351,-0.00255986769,0.0418508612,-0.999123096,-0.00121844281,-0.00250663422,-0.00132450415,0.999996006]}
{"name":"p_jerseybarrier_fence29","internalName":"p_jerseybarrier_fence29","class":"Prefab","persistentId":"6671a3fa-2a11-4f9e-9033-94e678478de7","__parent":"port","position":[425.502869,1655.3916,74.6510925],"filename":"/levels/west_coast_usa/art/prefabs/p_jerseybarrier_fence.prefab.json","rotationMatrix":[-0.998980999,-0.0447760075,-0.00565929711,0.0447785035,-0.998996854,-0.000315363461,-0.00563949905,-0.000568456948,0.999983907]}
{"name":"p_jerseybarrier_fence30","internalName":"p_jerseybarrier_fence30","class":"Prefab","persistentId":"ece57ce1-ae2a-4dd4-9895-2ad527962339","__parent":"port","position":[425.639465,1652.34448,74.6501312],"filename":"/levels/west_coast_usa/art/prefabs/p_jerseybarrier_fence.prefab.json","rotationMatrix":[-0.99895668,-0.0447738692,-0.00898297504,0.0447785035,-0.998996854,-0.000315363432,-0.00895984471,-0.000717278686,0.999959588]}
{"name":"p_jerseybarrier_fence31","internalName":"p_jerseybarrier_fence31","class":"Prefab","persistentId":"9266a017-86e5-4d7d-be6b-e16825d6dd4c","__parent":"port","position":[425.778351,1649.29749,74.6476517],"filename":"/levels/west_coast_usa/art/prefabs/p_jerseybarrier_fence.prefab.json","rotationMatrix":[-0.998882294,-0.0461194217,-0.0103589846,0.046132423,-0.998934865,-0.00101927319,-0.0103009427,-0.00149601884,0.999945819]}
{"name":"p_jerseybarrier_fence32","internalName":"p_jerseybarrier_fence32","class":"Prefab","persistentId":"3994bebf-7270-49bb-b9e0-c6cd6972c102","__parent":"port","position":[425.919067,1646.25049,74.644928],"filename":"/levels/west_coast_usa/art/prefabs/p_jerseybarrier_fence.prefab.json","rotationMatrix":[-0.998883009,-0.0461195409,-0.0102779726,0.0461324155,-0.998934746,-0.00101927319,-0.0102200164,-0.00149228238,0.999946654]}
{"name":"p_jerseybarrier_fence33","internalName":"p_jerseybarrier_fence33","class":"Prefab","persistentId":"caa87b67-695e-40df-93a6-52a664ca3a21","__parent":"port","position":[426.061371,1643.20361,74.6415253],"filename":"/levels/west_coast_usa/art/prefabs/p_jerseybarrier_fence.prefab.json","rotationMatrix":[-0.998855472,-0.0467252508,-0.0102173034,0.0467369705,-0.998906732,-0.000910868344,-0.0101635735,-0.00138735166,0.999947369]}
{"name":"p_jerseybarrier_fence34","internalName":"p_jerseybarrier_fence34","class":"Prefab","persistentId":"38983511-0f1b-44a5-9300-5e18326a4bec","__parent":"port","position":[426.203796,1640.15686,74.6398315],"filename":"/levels/west_coast_usa/art/prefabs/p_jerseybarrier_fence.prefab.json","rotationMatrix":[-0.998835325,-0.0466396324,-0.0123502752,0.0466330834,-0.998911619,0.000818165892,-0.0123749943,0.000241281639,0.999923408]}
{"name":"p_jerseybarrier_fence2","internalName":"p_jerseybarrier_fence2","class":"Prefab","persistentId":"4145ac65-37e9-4470-ac45-6224ea038cd5","__parent":"port","position":[427.49057,1610.70776,74.6398315],"filename":"/levels/west_coast_usa/art/prefabs/p_jerseybarrier_fence.prefab.json","rotationMatrix":[-0.998835325,-0.0466396324,-0.0123502752,0.0466330834,-0.998911619,0.000818165892,-0.0123749943,0.000241281639,0.999923408]}
{"name":"p_jerseybarrier_fence35","internalName":"p_jerseybarrier_fence35","class":"Prefab","persistentId":"ff2d4ee1-5f04-4d22-b687-08972cab9239","__parent":"port","position":[427.632019,1607.67749,74.6423187],"filename":"/levels/west_coast_usa/art/prefabs/p_jerseybarrier_fence.prefab.json","rotationMatrix":[-0.998835325,-0.0466396324,-0.0123502752,0.0466330834,-0.998911619,0.000818165892,-0.0123749943,0.000241281639,0.999923408]}
{"name":"p_jerseybarrier_fence36","internalName":"p_jerseybarrier_fence36","class":"Prefab","persistentId":"d8cff245-40fc-487c-9be3-ba8c638560c6","__parent":"port","position":[427.773254,1604.65125,74.6447983],"filename":"/levels/west_coast_usa/art/prefabs/p_jerseybarrier_fence.prefab.json","rotationMatrix":[-0.998835325,-0.0466396324,-0.0123502752,0.0466330834,-0.998911619,0.000818165892,-0.0123749943,0.000241281639,0.999923408]}
{"name":"p_jerseybarrier_fence37","internalName":"p_jerseybarrier_fence37","class":"Prefab","persistentId":"8f020a48-6972-4966-9df2-37b0d2e3b633","__parent":"port","position":[427.914856,1601.61719,74.6472855],"filename":"/levels/west_coast_usa/art/prefabs/p_jerseybarrier_fence.prefab.json","rotationMatrix":[-0.998835325,-0.0466396324,-0.0123502752,0.0466330834,-0.998911619,0.000818165892,-0.0123749943,0.000241281639,0.999923408]}
{"name":"p_jerseybarrier_fence38","internalName":"p_jerseybarrier_fence38","class":"Prefab","persistentId":"c62be9fa-716c-42ba-a1e2-ae8348ded055","__parent":"port","position":[428.057617,1598.55896,74.6497955],"filename":"/levels/west_coast_usa/art/prefabs/p_jerseybarrier_fence.prefab.json","rotationMatrix":[-0.998835325,-0.0466396324,-0.0123502752,0.0466330834,-0.998911619,0.000818165892,-0.0123749943,0.000241281639,0.999923408]}
{"name":"p_jerseybarrier_fence39","internalName":"p_jerseybarrier_fence39","class":"Prefab","persistentId":"924340b6-14b1-4677-8c08-5606be29b705","__parent":"port","position":[428.19928,1595.52441,74.6522827],"filename":"/levels/west_coast_usa/art/prefabs/p_jerseybarrier_fence.prefab.json","rotationMatrix":[-0.998835325,-0.0466396324,-0.0123502752,0.0466330834,-0.998911619,0.000818165892,-0.0123749943,0.000241281639,0.999923408]}
{"name":"p_jerseybarrier_fence40","internalName":"p_jerseybarrier_fence40","class":"Prefab","persistentId":"2cdf81b3-e186-4708-8993-ed5d1085ada0","__parent":"port","position":[429.659454,1603.24622,74.7384949],"filename":"/levels/west_coast_usa/art/prefabs/p_jerseybarrier_fence.prefab.json","rotationMatrix":[0.0466336608,-0.99891156,0.000818170141,0.998835266,0.0466402173,0.0123502724,-0.0123749916,0.000241280068,0.999923408]}
{"name":"p_jerseybarrier_fence41","internalName":"p_jerseybarrier_fence41","class":"Prefab","persistentId":"719c0a8e-743f-40f3-b2db-f311bada34f1","__parent":"port","position":[432.701752,1603.34143,74.7384949],"filename":"/levels/west_coast_usa/art/prefabs/p_jerseybarrier_fence.prefab.json","rotationMatrix":[0.0466336608,-0.99891156,0.000818170141,0.998835266,0.0466402173,0.0123502724,-0.0123749916,0.000241280068,0.999923408]}
{"name":"p_jerseybarrier_fence42","internalName":"p_jerseybarrier_fence42","class":"Prefab","persistentId":"9a60204c-e581-493e-be03-1fcac5cddde6","__parent":"port","position":[435.744141,1603.53052,74.6522293],"filename":"/levels/west_coast_usa/art/prefabs/p_jerseybarrier_fence.prefab.json","rotationMatrix":[0.0466336608,-0.99891156,0.000818170141,0.998835266,0.0466402173,0.0123502724,-0.0123749916,0.000241280068,0.999923408]}
{"name":"p_jerseybarrier_fence43","internalName":"p_jerseybarrier_fence43","class":"Prefab","persistentId":"6fff0ef8-e38c-4c86-8cf1-d09e55ea26c7","__parent":"port","position":[438.802673,1603.67334,74.6917801],"filename":"/levels/west_coast_usa/art/prefabs/p_jerseybarrier_fence.prefab.json","rotationMatrix":[0.0466336608,-0.99891156,0.000818170141,0.998835266,0.0466402173,0.0123502724,-0.0123749916,0.000241280068,0.999923408]}
{"name":"p_jerseybarrier_fence44","internalName":"p_jerseybarrier_fence44","class":"Prefab","persistentId":"add0bc2d-663f-4dac-900f-72652daf122e","__parent":"port","position":[441.815369,1604.27271,74.6898727],"filename":"/levels/west_coast_usa/art/prefabs/p_jerseybarrier_fence.prefab.json","rotationMatrix":[0.303562462,-0.952803254,0.00398677913,0.952731252,0.30358851,0.0117176883,-0.0123749916,0.000241277274,0.999923408]}
{"name":"p_jerseybarrier_fence45","internalName":"p_jerseybarrier_fence45","class":"Prefab","persistentId":"6ce4affc-8758-48f4-9799-73a648e076a1","__parent":"port","position":[444.772522,1605.18994,74.6898499],"filename":"/levels/west_coast_usa/art/prefabs/p_jerseybarrier_fence.prefab.json","rotationMatrix":[0.303562462,-0.952803254,0.00398677913,0.952731252,0.30358851,0.0117176883,-0.0123749916,0.000241277274,0.999923408]}
{"name":"p_jerseybarrier_fence46","internalName":"p_jerseybarrier_fence46","class":"Prefab","persistentId":"6e55ab72-e623-422e-9e94-e63b6d05138a","__parent":"port","position":[447.687408,1606.13403,74.6898193],"filename":"/levels/west_coast_usa/art/prefabs/p_jerseybarrier_fence.prefab.json","rotationMatrix":[0.303562462,-0.952803254,0.00398677913,0.952731252,0.30358851,0.0117176883,-0.0123749916,0.000241277274,0.999923408]}
{"name":"p_jerseybarrier_fence47","internalName":"p_jerseybarrier_fence47","class":"Prefab","persistentId":"37a85e1a-9713-491b-9ee9-b374e315e90f","__parent":"port","position":[450.638,1607.07422,74.6897888],"filename":"/levels/west_coast_usa/art/prefabs/p_jerseybarrier_fence.prefab.json","rotationMatrix":[0.303562462,-0.952803254,0.00398677913,0.952731252,0.30358851,0.0117176883,-0.0123749916,0.000241277274,0.999923408]}
{"name":"p_jerseybarrier_fence48","internalName":"p_jerseybarrier_fence48","class":"Prefab","persistentId":"4e56adef-3f4f-4f3a-a1a2-881809690152","__parent":"port","position":[453.57309,1608.0354,74.6897659],"filename":"/levels/west_coast_usa/art/prefabs/p_jerseybarrier_fence.prefab.json","rotationMatrix":[0.303562462,-0.952803254,0.00398677913,0.952731252,0.30358851,0.0117176883,-0.0123749916,0.000241277274,0.999923408]}
{"name":"p_jerseybarrier_fence49","internalName":"p_jerseybarrier_fence49","class":"Prefab","persistentId":"8694ea5d-7082-491c-abbc-64d872b27064","__parent":"port","position":[456.561493,1608.98755,74.689743],"filename":"/levels/west_coast_usa/art/prefabs/p_jerseybarrier_fence.prefab.json","rotationMatrix":[0.303562462,-0.952803254,0.00398677913,0.952731252,0.30358851,0.0117176883,-0.0123749916,0.000241277274,0.999923408]}
{"name":"p_jerseybarrier_fence50","internalName":"p_jerseybarrier_fence50","class":"Prefab","persistentId":"76d8493d-6af9-4606-9417-37498b94da1f","__parent":"port","position":[459.503418,1609.92493,74.6897354],"filename":"/levels/west_coast_usa/art/prefabs/p_jerseybarrier_fence.prefab.json","rotationMatrix":[0.303562462,-0.952803254,0.00398677913,0.952731252,0.30358851,0.0117176883,-0.0123749916,0.000241277274,0.999923408]}
{"name":"p_jerseybarrier_fence51","internalName":"p_jerseybarrier_fence51","class":"Prefab","persistentId":"c48ca169-e0f7-48a4-aa06-1fff09721156","__parent":"port","position":[461.344849,1611.43591,74.6744614],"filename":"/levels/west_coast_usa/art/prefabs/p_jerseybarrier_fence.prefab.json","rotationMatrix":[0.998835385,0.0466405153,0.0123502696,-0.0466339663,0.998911738,-0.000818172994,-0.0123749888,0.00024127803,0.999923408]}
{"name":"p_jerseybarrier_fence52","internalName":"p_jerseybarrier_fence52","class":"Prefab","persistentId":"cd92b51f-6de7-4f2d-91b8-a552b3c16c44","__parent":"port","position":[461.60434,1738.75513,74.6329651],"filename":"/levels/west_coast_usa/art/prefabs/p_jerseybarrier_fence.prefab.json","rotationMatrix":[0.99999994,0,0,0,0.99999994,0,0,0,0.999999881]}
{"name":"p_jerseybarrier_fence53","internalName":"p_jerseybarrier_fence53","class":"Prefab","persistentId":"2374de1d-019f-49a7-8086-a096f424a315","__parent":"port","position":[463.404968,1739.99536,74.6329651],"filename":"/levels/west_coast_usa/art/prefabs/p_jerseybarrier_fence.prefab.json","rotationMatrix":[-1.1920929e-07,0.999999821,0,-0.999999821,-1.1920929e-07,0,0,0,1]}
{"name":"p_jerseybarrier_fence54","internalName":"p_jerseybarrier_fence54","class":"Prefab","persistentId":"560d2a30-40ea-464e-980a-0b5b081d9030","__parent":"port","position":[466.445343,1739.99536,74.6329651],"filename":"/levels/west_coast_usa/art/prefabs/p_jerseybarrier_fence.prefab.json","rotationMatrix":[-1.1920929e-07,0.999999821,0,-0.999999821,-1.1920929e-07,0,0,0,1]}
{"name":"p_jerseybarrier_fence55","internalName":"p_jerseybarrier_fence55","class":"Prefab","persistentId":"2252a096-6e39-4a22-9d1a-3a28a2979ac0","__parent":"port","position":[469.488983,1739.99536,74.6329651],"filename":"/levels/west_coast_usa/art/prefabs/p_jerseybarrier_fence.prefab.json","rotationMatrix":[-1.1920929e-07,0.999999821,0,-0.999999821,-1.1920929e-07,0,0,0,1]}
{"name":"p_jerseybarrier_fence56","internalName":"p_jerseybarrier_fence56","class":"Prefab","persistentId":"6554d7fc-c265-4ed3-a3c8-c730399e37ea","__parent":"port","position":[472.552246,1739.99536,74.6329651],"filename":"/levels/west_coast_usa/art/prefabs/p_jerseybarrier_fence.prefab.json","rotationMatrix":[-1.1920929e-07,0.999999821,0,-0.999999821,-1.1920929e-07,0,0,0,1]}
{"name":"p_jerseybarrier_fence57","internalName":"p_jerseybarrier_fence57","class":"Prefab","persistentId":"e999241f-bc2c-4ca7-976a-bbd91d5e8256","__parent":"port","position":[393.473816,1732.5343,74.8859024],"filename":"/levels/west_coast_usa/art/prefabs/p_jerseybarrier_fence.prefab.json","rotationMatrix":[0.99987793,0.0154300192,-0.00246462738,-0.0154259345,0.999879599,0.00166787137,0.00249006599,-0.0016296485,0.999995589]}
{"name":"p_jerseybarrier_fence58","internalName":"p_jerseybarrier_fence58","class":"Prefab","persistentId":"b970d4a6-f499-4ca4-bf09-3a162f9a8b5e","__parent":"port","position":[393.39566,1735.5802,74.8859482],"filename":"/levels/west_coast_usa/art/prefabs/p_jerseybarrier_fence.prefab.json","rotationMatrix":[0.999316812,0.0369521677,-0.000680754485,-0.0369584411,0.999147296,-0.0184067115,5.99538907e-09,0.0184192955,0.999830365]}
{"name":"p_jerseybarrier_fence59","internalName":"p_jerseybarrier_fence59","class":"Prefab","persistentId":"874a602a-e18b-4334-b60a-c81cc84d654e","__parent":"port","position":[393.269958,1738.65479,74.8862839],"filename":"/levels/west_coast_usa/art/prefabs/p_jerseybarrier_fence.prefab.json","rotationMatrix":[0.99666518,0.0815553293,-0.00269423006,-0.0815551654,0.996668816,0.000168503073,0.0026989975,5.17872795e-05,0.999996364]}
{"name":"p_jerseybarrier_fence60","internalName":"p_jerseybarrier_fence60","class":"Prefab","persistentId":"ac592458-c6bd-4e6f-9c4b-7acd1759fbbe","__parent":"port","position":[393.023285,1741.70996,74.8868027],"filename":"/levels/west_coast_usa/art/prefabs/p_jerseybarrier_fence.prefab.json","rotationMatrix":[0.994416416,0.105482906,-0.00306034437,-0.105482921,0.994421124,0.000158617651,0.00306000258,0.000165081903,0.999995291]}
{"name":"p_jerseybarrier_fence61","internalName":"p_jerseybarrier_fence61","class":"Prefab","persistentId":"aba133dd-e304-454a-99c1-33fdf4bc0fd9","__parent":"port","position":[392.784668,1744.75073,74.8872604],"filename":"/levels/west_coast_usa/art/prefabs/p_jerseybarrier_fence.prefab.json","rotationMatrix":[0.998427272,0.0559604131,-0.00338486489,-0.0559602268,0.998432994,0.000150127453,0.003387962,3.95263705e-05,0.999994278]}
{"name":"p_jerseybarrier_fence62","internalName":"p_jerseybarrier_fence62","class":"Prefab","persistentId":"bfb80663-4543-464f-a027-dbec88047f03","__parent":"port","position":[392.555939,1747.79224,74.8876648],"filename":"/levels/west_coast_usa/art/prefabs/p_jerseybarrier_fence.prefab.json","rotationMatrix":[0.996156693,0.0845522285,-0.0228634365,-0.0842865855,0.99636507,0.012344582,0.023824092,-0.0103700589,0.999662399]}
{"name":"p_jerseybarrier_fence63","internalName":"p_jerseybarrier_fence63","class":"Prefab","persistentId":"bb699436-8e1a-4102-b4cc-a927de983c9f","__parent":"port","position":[392.363068,1750.83594,74.8779678],"filename":"/levels/west_coast_usa/art/prefabs/p_jerseybarrier_fence.prefab.json","rotationMatrix":[0.998099685,0.0614023842,-0.00517403753,-0.0614727326,0.997999668,-0.0147580579,0.00425750716,0.0150480755,0.999877691]}
{"name":"p_jerseybarrier_fence64","internalName":"p_jerseybarrier_fence64","class":"Prefab","persistentId":"404f8eb9-2956-4b22-89d7-732a78cbce41","__parent":"port","position":[392.212067,1753.88245,74.8805084],"filename":"/levels/west_coast_usa/art/prefabs/p_jerseybarrier_fence.prefab.json","rotationMatrix":[0.999047697,0.0432528667,-0.00573844975,-0.0432447679,0.999063313,0.00152779021,0.00579915615,-0.00127817737,0.999982357]}
{"name":"p_jerseybarrier_fence65","internalName":"p_jerseybarrier_fence65","class":"Prefab","persistentId":"6d47054f-1351-4857-ae83-84966291f8a1","__parent":"port","position":[392.080994,1756.92981,74.8853149],"filename":"/levels/west_coast_usa/art/prefabs/p_jerseybarrier_fence.prefab.json","rotationMatrix":[0.999174595,0.0404430144,-0.00381033425,-0.0404292829,0.999175847,0.00361503963,0.00395339727,-0.00345800654,0.999986231]}
{"name":"p_jerseybarrier_fence66","internalName":"p_jerseybarrier_fence66","class":"Prefab","persistentId":"ab2887ab-8004-4eea-95f3-b6dcad191136","__parent":"port","position":[391.957672,1759.97754,74.8666687],"filename":"/levels/west_coast_usa/art/prefabs/p_jerseybarrier_fence.prefab.json","rotationMatrix":[0.999165177,0.0408452041,-0.00075249566,-0.0408432595,0.999162555,0.00244431524,0.000851704099,-0.00241154013,0.999996722]}
{"name":"p_jerseybarrier_fence67","internalName":"p_jerseybarrier_fence67","class":"Prefab","persistentId":"60dd13a0-0577-47ce-af7c-89e5162539e9","__parent":"port","position":[391.83316,1763.02527,74.8883667],"filename":"/levels/west_coast_usa/art/prefabs/p_jerseybarrier_fence.prefab.json","rotationMatrix":[0.999155819,0.0408319607,0.00451126881,-0.0408432707,0.999162555,0.0024443157,-0.00440768432,-0.00262650708,0.999986827]}
{"name":"p_jerseybarrier_fence71","internalName":"p_jerseybarrier_fence71","class":"Prefab","persistentId":"132079cf-6430-404f-82f8-ed74f1f71e7b","__parent":"port","position":[391.331085,1773.95398,74.8768463],"filename":"/levels/west_coast_usa/art/prefabs/p_jerseybarrier_fence.prefab.json","rotationMatrix":[0.99987793,0.0154300192,-0.00246462738,-0.0154259345,0.999879599,0.00166787137,0.00249006599,-0.0016296485,0.999995589]}
{"name":"p_jerseybarrier_fence72","internalName":"p_jerseybarrier_fence72","class":"Prefab","persistentId":"a57d61d6-8df2-42cd-b6e3-7fb405d1c18e","__parent":"port","position":[391.280182,1777.05676,74.9000168],"filename":"/levels/west_coast_usa/art/prefabs/p_jerseybarrier_fence.prefab.json","rotationMatrix":[0.999316812,0.0369521677,-0.000680754485,-0.0369584411,0.999147296,-0.0184067115,5.99538907e-09,0.0184192955,0.999830365]}
{"name":"p_jerseybarrier_fence73","internalName":"p_jerseybarrier_fence73","class":"Prefab","persistentId":"1019a802-e41a-4faa-9faf-fbad80ee3732","__parent":"port","position":[390.092041,1805.97461,74.8791199],"filename":"/levels/west_coast_usa/art/prefabs/p_jerseybarrier_fence.prefab.json","rotationMatrix":[0.99666518,0.0815553293,-0.00269423006,-0.0815551654,0.996668816,0.000168503073,0.0026989975,5.17872795e-05,0.999996364]}
{"name":"p_jerseybarrier_fence74","internalName":"p_jerseybarrier_fence74","class":"Prefab","persistentId":"b902f219-667c-408d-8d19-569f055dd01b","__parent":"port","position":[389.845367,1809.02979,74.8796387],"filename":"/levels/west_coast_usa/art/prefabs/p_jerseybarrier_fence.prefab.json","rotationMatrix":[0.996818721,0.0796434358,-0.00306034251,-0.0796433166,0.99682343,0.000158617564,0.00306325383,8.56228871e-05,0.999995291]}
{"name":"p_jerseybarrier_fence75","internalName":"p_jerseybarrier_fence75","class":"Prefab","persistentId":"28d51e58-ad4a-44fd-b52e-20e846fb3106","__parent":"port","position":[389.60675,1812.07056,74.8800964],"filename":"/levels/west_coast_usa/art/prefabs/p_jerseybarrier_fence.prefab.json","rotationMatrix":[0.996898711,0.0786225349,-0.00338486303,-0.0786224753,0.996904433,0.00015012738,0.0033861883,0.000116464551,0.999994278]}
{"name":"p_jerseybarrier_fence76","internalName":"p_jerseybarrier_fence76","class":"Prefab","persistentId":"e06cc335-eece-4cb2-89a0-1b1586b3377c","__parent":"port","position":[389.378021,1815.11206,74.8805008],"filename":"/levels/west_coast_usa/art/prefabs/p_jerseybarrier_fence.prefab.json","rotationMatrix":[0.997087836,0.0727539435,-0.0228634272,-0.0724858567,0.997293055,0.0123445773,0.0236996543,-0.0106513528,0.999662399]}
{"name":"p_jerseybarrier_fence77","internalName":"p_jerseybarrier_fence77","class":"Prefab","persistentId":"a046dfd0-9222-4912-8f1a-2ed70f217184","__parent":"port","position":[389.18515,1818.15576,74.8708038],"filename":"/levels/west_coast_usa/art/prefabs/p_jerseybarrier_fence.prefab.json","rotationMatrix":[0.998099685,0.0614023842,-0.00517403753,-0.0614727326,0.997999668,-0.0147580579,0.00425750716,0.0150480755,0.999877691]}
{"name":"p_jerseybarrier_fence78","internalName":"p_jerseybarrier_fence78","class":"Prefab","persistentId":"f2993fd7-a683-41bb-9e02-82b87ebe3173","__parent":"port","position":[389.034149,1821.20227,74.8733444],"filename":"/levels/west_coast_usa/art/prefabs/p_jerseybarrier_fence.prefab.json","rotationMatrix":[0.999047697,0.0432528667,-0.00573844975,-0.0432447679,0.999063313,0.00152779021,0.00579915615,-0.00127817737,0.999982357]}
{"name":"p_jerseybarrier_fence79","internalName":"p_jerseybarrier_fence79","class":"Prefab","persistentId":"01c3414b-c7d4-4b69-b7d6-62e72c66b653","__parent":"port","position":[388.903076,1824.24963,74.8781509],"filename":"/levels/west_coast_usa/art/prefabs/p_jerseybarrier_fence.prefab.json","rotationMatrix":[0.999174595,0.0404430144,-0.00381033425,-0.0404292829,0.999175847,0.00361503963,0.00395339727,-0.00345800654,0.999986231]}
{"name":"p_jerseybarrier_fence80","internalName":"p_jerseybarrier_fence80","class":"Prefab","persistentId":"6906fd6b-0f94-4e5a-815a-b0e6ee92948d","__parent":"port","position":[388.779755,1827.29724,74.8897095],"filename":"/levels/west_coast_usa/art/prefabs/p_jerseybarrier_fence.prefab.json","rotationMatrix":[0.999165177,0.0408452041,-0.00075249566,-0.0408432595,0.999162555,0.00244431524,0.000851704099,-0.00241154013,0.999996722]}
{"name":"p_jerseybarrier_fence81","internalName":"p_jerseybarrier_fence81","class":"Prefab","persistentId":"869482cc-7d47-4abe-81b0-605612b753c9","__parent":"port","position":[388.655182,1830.34497,74.8970947],"filename":"/levels/west_coast_usa/art/prefabs/p_jerseybarrier_fence.prefab.json","rotationMatrix":[0.999155819,0.0408319607,0.00451126881,-0.0408432707,0.999162555,0.0024443157,-0.00440768432,-0.00262650708,0.999986827]}
{"name":"p_jerseybarrier_fence82","internalName":"p_jerseybarrier_fence82","class":"Prefab","persistentId":"c6cbb97a-5675-480a-95a0-f41ff5fffd95","__parent":"port","position":[388.937195,1804.09949,74.8791199],"filename":"/levels/west_coast_usa/art/prefabs/p_jerseybarrier_fence.prefab.json","rotationMatrix":[0.0815553665,-0.99666512,-0.00269422936,0.996668816,0.0815551877,0.000168503146,5.17871231e-05,-0.00269899657,0.999996364]}
{"name":"p_jerseybarrier_fence83","internalName":"p_jerseybarrier_fence83","class":"Prefab","persistentId":"c57a05a8-d72f-4c9d-863c-27cc3c025e10","__parent":"port","position":[391.209473,1780.22388,74.8950195],"filename":"/levels/west_coast_usa/art/prefabs/p_jerseybarrier_fence.prefab.json","rotationMatrix":[0.999165177,0.0408452041,-0.00075249566,-0.0408432595,0.999162555,0.00244431524,0.000851704099,-0.00241154013,0.999996722]}
{"name":"p_jerseybarrier_fence84","internalName":"p_jerseybarrier_fence84","class":"Prefab","persistentId":"62e45eec-200d-4b67-8be4-bcf1c8d5f7e6","__parent":"port","position":[391.073578,1783.32947,74.9024811],"filename":"/levels/west_coast_usa/art/prefabs/p_jerseybarrier_fence.prefab.json","rotationMatrix":[0.999155819,0.0408319607,0.00451126881,-0.0408432707,0.999162555,0.0024443157,-0.00440768432,-0.00262650708,0.999986827]}
{"name":"p_jerseybarrier_fence85","internalName":"p_jerseybarrier_fence85","class":"Prefab","persistentId":"5d278519-a388-4e4d-9763-61a3615f87ff","__parent":"port","position":[390.96106,1786.50293,74.8915482],"filename":"/levels/west_coast_usa/art/prefabs/p_jerseybarrier_fence.prefab.json","rotationMatrix":[0.99912107,0.0405173637,0.0107441405,-0.0406018607,0.99914521,0.00776654901,-0.0104202768,-0.00819595531,0.999912143]}
{"name":"p_jerseybarrier_fence87","internalName":"p_jerseybarrier_fence87","class":"Prefab","persistentId":"5c892a00-950a-4d1a-9852-b78ad8a3fef5","__parent":"port","position":[390.836456,1789.53101,74.9296646],"filename":"/levels/west_coast_usa/art/prefabs/p_jerseybarrier_fence.prefab.json","rotationMatrix":[0.99920851,0.0396864563,-0.00270790351,-0.0396723002,0.999199748,0.00509493845,0.00290793669,-0.00498347683,0.99998337]}
{"name":"p_jerseybarrier_fence86","internalName":"p_jerseybarrier_fence86","class":"Prefab","persistentId":"ae677c5d-3dc6-4735-8255-637238770792","__parent":"port","position":[387.3396,1832.11816,74.9066849],"filename":"/levels/west_coast_usa/art/prefabs/p_jerseybarrier_fence.prefab.json","rotationMatrix":[-0.0432530642,0.999047518,-0.00573844882,-0.999063134,-0.0432449579,0.00152778975,0.00127817504,0.00579915568,0.999982357]}
{"name":"p_jerseybarrier_fence88","internalName":"p_jerseybarrier_fence88","class":"Prefab","persistentId":"d85ddc16-00f9-45a1-8b2e-da3f6028bd92","__parent":"port","position":[384.292236,1831.98706,74.9114914],"filename":"/levels/west_coast_usa/art/prefabs/p_jerseybarrier_fence.prefab.json","rotationMatrix":[-0.0404429436,0.999174237,-0.00381033332,-0.999175549,-0.0404292345,0.00361503894,0.00345800468,0.00395339727,0.999986231]}
{"name":"p_jerseybarrier_fence89","internalName":"p_jerseybarrier_fence89","class":"Prefab","persistentId":"13eab2e2-a559-4285-b4a7-58ed43a5c78c","__parent":"port","position":[381.244537,1831.86389,74.8968201],"filename":"/levels/west_coast_usa/art/prefabs/p_jerseybarrier_fence.prefab.json","rotationMatrix":[-0.0408452749,0.999164939,-0.000752495427,-0.999162316,-0.0408433676,0.0024443143,0.0024115392,0.000851704564,0.999996722]}
{"name":"p_jerseybarrier_fence90","internalName":"p_jerseybarrier_fence90","class":"Prefab","persistentId":"1396c6c2-5b9a-4ef9-bcbf-6bb10b12616d","__parent":"port","position":[378.196808,1831.73926,74.9042053],"filename":"/levels/west_coast_usa/art/prefabs/p_jerseybarrier_fence.prefab.json","rotationMatrix":[-0.0408321619,0.99915576,0.00451126741,-0.999162436,-0.0408434868,0.00244431524,0.00262650778,-0.00440768246,0.999986827]}
{"name":"p_jerseybarrier_fence91","internalName":"p_jerseybarrier_fence91","class":"Prefab","persistentId":"76f8b2fe-ea89-48f4-924f-3a002f283323","__parent":"port","position":[375.157532,1831.625,74.8620148],"filename":"/levels/west_coast_usa/art/prefabs/p_jerseybarrier_fence.prefab.json","rotationMatrix":[-0.0432530642,0.999047518,-0.00573844882,-0.999063134,-0.0432449579,0.00152778975,0.00127817504,0.00579915568,0.999982357]}
{"name":"p_jerseybarrier_fence92","internalName":"p_jerseybarrier_fence92","class":"Prefab","persistentId":"ced3566d-63da-4695-933c-52ce3ca134f7","__parent":"port","position":[372.110168,1831.4939,74.8668213],"filename":"/levels/west_coast_usa/art/prefabs/p_jerseybarrier_fence.prefab.json","rotationMatrix":[-0.0404429436,0.999174237,-0.00381033332,-0.999175549,-0.0404292345,0.00361503894,0.00345800468,0.00395339727,0.999986231]}
{"name":"p_jerseybarrier_fence93","internalName":"p_jerseybarrier_fence93","class":"Prefab","persistentId":"5b0fdb5a-ae44-48e5-8f4f-99c7950cc279","__parent":"port","position":[369.062561,1831.37061,74.8783798],"filename":"/levels/west_coast_usa/art/prefabs/p_jerseybarrier_fence.prefab.json","rotationMatrix":[-0.0408452749,0.999164939,-0.000752495427,-0.999162316,-0.0408433676,0.0024443143,0.0024115392,0.000851704564,0.999996722]}
{"name":"p_jerseybarrier_fence94","internalName":"p_jerseybarrier_fence94","class":"Prefab","persistentId":"25e02f50-bd8d-4763-93a0-9fb60abd6485","__parent":"port","position":[366.014832,1831.24597,74.8857651],"filename":"/levels/west_coast_usa/art/prefabs/p_jerseybarrier_fence.prefab.json","rotationMatrix":[-0.0408321619,0.99915576,0.00451126741,-0.999162436,-0.0408434868,0.00244431524,0.00262650778,-0.00440768246,0.999986827]}
{"name":"p_jerseybarrier_fence95","internalName":"p_jerseybarrier_fence95","class":"Prefab","persistentId":"8beb39a5-257a-4265-8a5f-fb16bf7e20f7","__parent":"port","position":[362.997284,1831.13171,74.8995132],"filename":"/levels/west_coast_usa/art/prefabs/p_jerseybarrier_fence.prefab.json","rotationMatrix":[-0.0432530642,0.999047518,-0.00573844882,-0.999063134,-0.0432449579,0.00152778975,0.00127817504,0.00579915568,0.999982357]}
{"name":"p_jerseybarrier_fence96","internalName":"p_jerseybarrier_fence96","class":"Prefab","persistentId":"56156f91-ddb7-4744-9606-ad0b51dc29b4","__parent":"port","position":[359.949951,1831.00061,74.9067688],"filename":"/levels/west_coast_usa/art/prefabs/p_jerseybarrier_fence.prefab.json","rotationMatrix":[-0.0404429436,0.999174237,-0.00381033332,-0.999175549,-0.0404292345,0.00361503894,0.00345800468,0.00395339727,0.999986231]}
