{"name":"SimGroup_","class":"SimGroup","persistentId":"22bde220-701d-4bfc-89df-9fb0e79ab33c","groupPosition":"0 0 0"}
{"class":"TSStatic","persistentId":"0199c293-9d8d-4562-a73c-66875e7e4b53","__parent":"SimGroup_","position":[-1088.46753,-511.980103,104.390411],"isRenderEnabled":false,"rotationMatrix":[-0.738507986,0.67392236,0.0208386146,-0.674134552,-0.738592744,-0.00477827853,0.0121710664,-0.0175768305,0.999771416],"shapeName":"/art/shapes/race/s_concrete_race_barrier.dae"}
{"class":"TSStatic","persistentId":"3955513d-c672-4b1f-a875-339d833ae798","__parent":"SimGroup_","position":[-1081.35205,-521.382446,104.337524],"isRenderEnabled":false,"rotationMatrix":[-0.358279705,0.933327317,0.0231426358,-0.93081069,-0.359013677,0.0685601532,0.072297588,0.00302230194,0.997378528],"shapeName":"/art/shapes/race/s_concrete_race_barrier.dae"}
{"class":"TSStatic","persistentId":"439cb340-ff76-47fd-8dc0-776b1dadb433","__parent":"SimGroup_","position":[-1324.33887,-665.8479,93.3534546],"isRenderEnabled":false,"rotationMatrix":[-0.739186883,0.673488975,-0.00385938026,-0.67163837,-0.736705899,0.0785232112,0.0500412956,0.060635455,0.99690479],"shapeName":"/art/shapes/race/s_concrete_race_barrier.dae"}
{"class":"TSStatic","persistentId":"6b7f2e89-4cf9-4013-b132-6dca19ffe755","__parent":"SimGroup_","position":[-1082.41577,-518.472412,104.385231],"isRenderEnabled":false,"rotationMatrix":[-0.382441282,0.923744202,0.0208590459,-0.921153188,-0.382938623,0.0695305765,0.0722162053,0.00737698749,0.99736172],"shapeName":"/art/shapes/race/s_concrete_race_barrier.dae"}
{"class":"TSStatic","persistentId":"72ed5699-b8f5-4aa3-9d51-254ab5ff3348","__parent":"SimGroup_","position":[-1080.7467,-523.832642,104.294044],"isRenderEnabled":false,"rotationMatrix":[-0.0746228695,0.997053623,0.017761711,-0.993515372,-0.07586658,0.0846841484,0.0857821554,-0.0113271587,0.996249497],"shapeName":"/art/shapes/race/s_concrete_race_barrier.dae"}
{"class":"TSStatic","persistentId":"a31054a9-86c9-450d-b578-ab7836a78217","__parent":"SimGroup_","position":[-1084.05237,-516.145325,104.402168],"isRenderEnabled":false,"rotationMatrix":[-0.739186883,0.673488975,-0.00385938026,-0.67163837,-0.736705899,0.0785232112,0.0500412956,0.060635455,0.99690479],"shapeName":"/art/shapes/race/s_concrete_race_barrier.dae"}
{"class":"TSStatic","persistentId":"bfd0aa43-98f7-47e7-948c-8e251dbdaeec","__parent":"SimGroup_","position":[-1086.30493,-514.092896,104.390411],"isRenderEnabled":false,"rotationMatrix":[-0.739186883,0.673488975,-0.00385938026,-0.67163837,-0.736705899,0.0785232112,0.0500412956,0.060635455,0.99690479],"shapeName":"/art/shapes/race/s_concrete_race_barrier.dae"}
{"class":"TSStatic","persistentId":"c51cce17-8a5f-483b-9bb7-9e91b05713d6","__parent":"SimGroup_","position":[-1296.78308,-681.895142,95.2540588],"isRenderEnabled":false,"rotationMatrix":[-0.739186883,0.673488975,-0.00385938026,-0.67163837,-0.736705899,0.0785232112,0.0500412956,0.060635455,0.99690479],"shapeName":"/art/shapes/race/s_concrete_race_barrier.dae"}
