{"name":"obstacles_group","class":"SimGroup","persistentId":"d155fc45-206f-4b8a-aa07-8e89ee2e05b3","groupPosition":"0 0 0"}
{"class":"TSStatic","persistentId":"0014d433-d37e-4b49-9d65-1a8ad21a2cc1","__parent":"obstacles_group","position":[54.6803551,-101.725266,36.3697815],"isRenderEnabled":false,"rotationMatrix":[0.854528666,-0.519404233,0,0.519404233,0.854528666,0,0,0,1],"shapeName":"/art/shapes/race/s_concrete_race_barrier.dae"}
{"class":"TSStatic","persistentId":"003b0cff-61c2-42c2-a2a6-6416433c07a5","__parent":"obstacles_group","position":[-124.281578,-58.0584602,38.9010544],"isRenderEnabled":false,"rotationMatrix":[0.613550425,-0.789654911,0.00106797367,0.78878361,0.612935901,0.0461536795,-0.037100073,-0.0274752136,0.998933792],"shapeName":"/art/shapes/race/s_concrete_race_barrier.dae"}
{"class":"TSStatic","persistentId":"005cdd6d-8fdd-46fd-965d-5bbd8ef198d6","__parent":"obstacles_group","position":[-225.881882,-12.3269806,39.1432076],"isRenderEnabled":false,"rotationMatrix":[0.465126753,0.885243833,0.000460362062,-0.884326041,0.464620709,0.0457687899,0.0403026566,-0.0216953978,0.998951972],"shapeName":"/art/shapes/race/s_concrete_race_barrier.dae"}
{"class":"TSStatic","persistentId":"042a3208-bc9b-4644-a74a-01b9ba39a168","__parent":"obstacles_group","position":[-151.276215,-22.606287,38.9010544],"isRenderEnabled":false,"rotationMatrix":[0.492706299,-0.870195031,0.00106796809,0.86924386,0.492224455,0.0461536832,-0.040688388,-0.0218118839,0.998933792],"shapeName":"/art/shapes/race/s_concrete_race_barrier.dae"}
{"class":"TSStatic","persistentId":"04bd969c-bf91-43c9-9124-5848bdb17208","__parent":"obstacles_group","position":[-220.720703,-4.11959553,39.0734711],"isRenderEnabled":false,"rotationMatrix":[0.66395241,0.747774601,0.000460347161,-0.747005105,0.66324091,0.0457687676,0.0339194089,-0.0307321623,0.998951972],"shapeName":"/art/shapes/race/s_concrete_race_barrier.dae"}
{"class":"TSStatic","persistentId":"07570227-15e9-40ec-8e07-8964a859fcd2","__parent":"obstacles_group","position":[-175.248779,6.73749828,39.0132179],"isRenderEnabled":false,"rotationMatrix":[0.992267907,-0.124113679,0.00046034297,0.123962715,0.991230786,0.0457687564,-0.00613683555,-0.0453578047,0.998951972],"shapeName":"/art/shapes/race/s_concrete_race_barrier.dae"}
{"class":"TSStatic","persistentId":"0c997155-663d-4a7a-9ca1-583cb38f6444","__parent":"obstacles_group","position":[280.994568,-415.152435,34.1817055],"isRenderEnabled":false,"rotationMatrix":[0.642535806,-0.766209543,-0.00839510933,0.766236603,0.642558455,1.16415322e-09,0.00539434701,-0.0064326413,0.999964774],"shapeName":"/art/shapes/race/s_concrete_race_barrier.dae"}
{"class":"TSStatic","persistentId":"0cab3eb1-e4b6-45cd-8553-15981e6fc28c","__parent":"obstacles_group","position":[-188.18869,6.4992156,39.0132179],"isRenderEnabled":false,"rotationMatrix":[0.999094605,0.0425409116,0.000460343028,-0.0425173827,0.998046815,0.0457687639,0.00148760108,-0.0457468964,0.998951972],"shapeName":"/art/shapes/race/s_concrete_race_barrier.dae"}
{"class":"TSStatic","persistentId":"105eccaa-9077-4c24-bdda-12cc59a12f39","__parent":"obstacles_group","position":[-194.499863,5.93633986,39.0132179],"isRenderEnabled":false,"rotationMatrix":[0.971263945,0.238004595,0.000460343435,-0.237775683,0.970241189,0.0457687676,0.0104465336,-0.0445630103,0.998951972],"shapeName":"/art/shapes/race/s_concrete_race_barrier.dae"}
{"class":"TSStatic","persistentId":"10c56097-b879-473b-a163-0d66e9a811e7","__parent":"obstacles_group","position":[43.7471695,-95.160759,36.3697815],"isRenderEnabled":false,"rotationMatrix":[0.854528666,-0.519404233,0,0.519404233,0.854528666,0,0,0,1],"shapeName":"/art/shapes/race/s_concrete_race_barrier.dae"}
{"class":"TSStatic","persistentId":"14c477b7-f2a4-431b-ba0e-eb63f6101c3e","__parent":"obstacles_group","position":[-227.325378,-15.0986233,39.1432076],"isRenderEnabled":false,"rotationMatrix":[0.465126753,0.885243833,0.000460362062,-0.884326041,0.464620709,0.0457687899,0.0403026566,-0.0216953978,0.998951972],"shapeName":"/art/shapes/race/s_concrete_race_barrier.dae"}
{"class":"TSStatic","persistentId":"27d09d48-3af1-4756-acad-fd6d6e08080b","__parent":"obstacles_group","position":[-250.648819,-137.868561,39.5503998],"isRenderEnabled":false,"rotationMatrix":[0.85372752,0.519196033,0.0398095325,-0.519607902,0.854404807,0,-0.0340134576,-0.0206853505,0.999207258],"shapeName":"/art/shapes/race/s_concrete_race_barrier.dae"}
{"class":"TSStatic","persistentId":"2e6f24b8-43f7-45b3-96be-aa8dfcd923ee","__parent":"obstacles_group","position":[-178.529404,6.88602257,39.0132179],"isRenderEnabled":false,"rotationMatrix":[0.999094605,0.0425409116,0.000460343028,-0.0425173827,0.998046815,0.0457687639,0.00148760108,-0.0457468964,0.998951972],"shapeName":"/art/shapes/race/s_concrete_race_barrier.dae"}
{"class":"TSStatic","persistentId":"3744880a-c77e-4272-8a77-4038f686eaa9","__parent":"obstacles_group","position":[-212.873184,1.43984509,38.9298248],"isRenderEnabled":false,"rotationMatrix":[0.940833449,0.333214462,-0.0616486445,-0.329147279,0.941855967,0.067597352,0.0805885568,-0.0433063731,0.995806217],"shapeName":"/art/shapes/race/s_concrete_race_barrier.dae"}
{"class":"TSStatic","persistentId":"3a4640ed-56b7-4d2f-b9ee-595d57cb2274","__parent":"obstacles_group","position":[-253.301224,-139.481613,39.4056091],"isRenderEnabled":false,"rotationMatrix":[0.85372752,0.519196033,0.0398095325,-0.519607902,0.854404807,0,-0.0340134576,-0.0206853505,0.999207258],"shapeName":"/art/shapes/race/s_concrete_race_barrier.dae"}
{"class":"TSStatic","persistentId":"3aee74aa-30c8-479c-95e9-b7e523e91115","__parent":"obstacles_group","position":[68.4238358,-110.078888,36.3697815],"isRenderEnabled":false,"rotationMatrix":[0.854528666,-0.519404233,0,0.519404233,0.854528666,0,0,0,1],"shapeName":"/art/shapes/race/s_concrete_race_barrier.dae"}
{"class":"TSStatic","persistentId":"3bfa3cb1-9926-40d8-ad37-0fe92afa827a","__parent":"obstacles_group","position":[-148.943802,-28.55653,38.9010544],"isRenderEnabled":false,"rotationMatrix":[0.0822820663,-0.996608317,0.00106796809,0.995542824,0.0822435617,0.0461536795,-0.0460849777,-0.00273440219,0.998933792],"shapeName":"/art/shapes/race/s_concrete_race_barrier.dae"}
{"class":"TSStatic","persistentId":"3cefcbce-9ab4-4f8a-acfb-4fb631fb11d2","__parent":"obstacles_group","position":[96.0382538,-126.863632,37.8800354],"isRenderEnabled":false,"rotationMatrix":[0.854528666,-0.519404233,0,0.519404233,0.854528666,0,0,0,1],"shapeName":"/art/shapes/race/s_concrete_race_barrier.dae"}
{"class":"TSStatic","persistentId":"3d36d72b-c096-49e3-99bb-d9de35af1305","__parent":"obstacles_group","position":[-206.635345,3.0482204,38.9468079],"isRenderEnabled":false,"rotationMatrix":[0.971263945,0.238004595,0.000460343435,-0.237775683,0.970241189,0.0457687676,0.0104465336,-0.0445630103,0.998951972],"shapeName":"/art/shapes/race/s_concrete_race_barrier.dae"}
{"class":"TSStatic","persistentId":"3e0a250f-fbd7-4d8b-9467-827736d02ebe","__parent":"obstacles_group","position":[-215.760376,-0.14269352,39.2445831],"isRenderEnabled":false,"rotationMatrix":[0.863787293,0.502618849,-0.0352969989,-0.499787658,0.863591552,0.0664974153,0.0639050454,-0.0397986136,0.997162104],"shapeName":"/art/shapes/race/s_concrete_race_barrier.dae"}
{"class":"TSStatic","persistentId":"4230efde-aad0-46a3-9d2f-afaabc32660e","__parent":"obstacles_group","position":[-224.394592,-9.55854893,39.1432076],"isRenderEnabled":false,"rotationMatrix":[0.465126753,0.885243833,0.000460362062,-0.884326041,0.464620709,0.0457687899,0.0403026566,-0.0216953978,0.998951972],"shapeName":"/art/shapes/race/s_concrete_race_barrier.dae"}
{"class":"TSStatic","persistentId":"45532e94-cfb0-4576-acb2-5445f0447fa0","__parent":"obstacles_group","position":[-126.638863,-55.382019,38.9010544],"isRenderEnabled":false,"rotationMatrix":[0.613550425,-0.789654911,0.00106797367,0.78878361,0.612935901,0.0461536795,-0.037100073,-0.0274752136,0.998933792],"shapeName":"/art/shapes/race/s_concrete_race_barrier.dae"}
{"class":"TSStatic","persistentId":"4770c80c-b071-4405-8cfe-f2a9919bd619","__parent":"obstacles_group","position":[-128.645294,-52.886879,38.9010544],"isRenderEnabled":false,"rotationMatrix":[0.613550425,-0.789654911,0.00106797367,0.78878361,0.612935901,0.0461536795,-0.037100073,-0.0274752136,0.998933792],"shapeName":"/art/shapes/race/s_concrete_race_barrier.dae"}
{"class":"TSStatic","persistentId":"485a38f4-d806-43b6-846d-b4fd94ed6be0","__parent":"obstacles_group","position":[276.894623,-410.263397,34.2352715],"isRenderEnabled":false,"rotationMatrix":[0.642535806,-0.766209543,-0.00839510933,0.766236603,0.642558455,1.16415322e-09,0.00539434701,-0.0064326413,0.999964774],"shapeName":"/art/shapes/race/s_concrete_race_barrier.dae"}
{"class":"TSStatic","persistentId":"4f0c2980-1eba-46f6-ba05-21b7f23f365d","__parent":"obstacles_group","position":[60.0470352,-104.987267,36.3697815],"isRenderEnabled":false,"rotationMatrix":[0.854528666,-0.519404233,0,0.519404233,0.854528666,0,0,0,1],"shapeName":"/art/shapes/race/s_concrete_race_barrier.dae"}
{"class":"TSStatic","persistentId":"501b505f-c740-4999-9370-edc7cc50bc9b","__parent":"obstacles_group","position":[-232.129532,-136.9534,38.9536552],"isRenderEnabled":false,"rotationMatrix":[0.99999994,0,0,0,0.99999994,0,0,0,0.999999881],"shapeName":"/art/shapes/race/s_concrete_race_barrier.dae"}
{"class":"TSStatic","persistentId":"51999ed6-f604-4efa-a334-2d401590432a","__parent":"obstacles_group","position":[-247.738892,-136.9534,39.5085068],"isRenderEnabled":false,"rotationMatrix":[0.999646485,0,-0.0265881605,0,1,0,0.0265881605,0,0.999646485],"shapeName":"/art/shapes/race/s_concrete_race_barrier.dae"}
{"class":"TSStatic","persistentId":"527bd95f-7c9a-492d-b10b-819843046b26","__parent":"obstacles_group","position":[51.9300842,-100.053581,36.3697815],"isRenderEnabled":false,"rotationMatrix":[0.854528666,-0.519404233,0,0.519404233,0.854528666,0,0,0,1],"shapeName":"/art/shapes/race/s_concrete_race_barrier.dae"}
{"class":"TSStatic","persistentId":"595177e2-74cb-4520-bb03-5a04609fffac","__parent":"obstacles_group","position":[-203.576385,3.80122542,39.0132179],"isRenderEnabled":false,"rotationMatrix":[0.971263945,0.238004595,0.000460343435,-0.237775683,0.970241189,0.0457687676,0.0104465336,-0.0445630103,0.998951972],"shapeName":"/art/shapes/race/s_concrete_race_barrier.dae"}
{"class":"TSStatic","persistentId":"61860a0e-3272-4196-9116-e08a78dc8565","__parent":"obstacles_group","position":[-155.986954,-14.3250475,38.9010544],"isRenderEnabled":false,"rotationMatrix":[0.492706299,-0.870195031,0.00106796809,0.86924386,0.492224455,0.0461536832,-0.040688388,-0.0218118839,0.998933792],"shapeName":"/art/shapes/race/s_concrete_race_barrier.dae"}
{"class":"TSStatic","persistentId":"673f3998-a4e8-429f-96a6-a4d809ce7e83","__parent":"obstacles_group","position":[-157.573593,-11.5603142,38.9010544],"isRenderEnabled":false,"rotationMatrix":[0.492706299,-0.870195031,0.00106796809,0.86924386,0.492224455,0.0461536832,-0.040688388,-0.0218118839,0.998933792],"shapeName":"/art/shapes/race/s_concrete_race_barrier.dae"}
{"class":"TSStatic","persistentId":"72e34af2-db8a-47fb-b2ea-0fa4ac08d455","__parent":"obstacles_group","position":[-222.712326,-6.68370342,39.0734711],"isRenderEnabled":false,"rotationMatrix":[0.570229948,0.821484864,0.000460356474,-0.820636094,0.569615126,0.0457687788,0.0373361446,-0.0264765061,0.998951972],"shapeName":"/art/shapes/race/s_concrete_race_barrier.dae"}
{"class":"TSStatic","persistentId":"74453575-02b2-4529-96d2-bfe6a6468ce6","__parent":"obstacles_group","position":[62.8503304,-106.691177,36.3697815],"isRenderEnabled":false,"rotationMatrix":[0.854528666,-0.519404233,0,0.519404233,0.854528666,0,0,0,1],"shapeName":"/art/shapes/race/s_concrete_race_barrier.dae"}
{"class":"TSStatic","persistentId":"7910c5bf-57ea-4daa-b85b-8cab288b1b31","__parent":"obstacles_group","position":[83.1476288,-119.028366,36.3697815],"isRenderEnabled":false,"rotationMatrix":[0.854528666,-0.519404233,0,0.519404233,0.854528666,0,0,0,1],"shapeName":"/art/shapes/race/s_concrete_race_barrier.dae"}
{"class":"TSStatic","persistentId":"792bac0d-780b-4368-a370-4582a92a0eb4","__parent":"obstacles_group","position":[-181.80278,6.73777199,39.0132179],"isRenderEnabled":false,"rotationMatrix":[0.999094605,0.0425409116,0.000460343028,-0.0425173827,0.998046815,0.0457687639,0.00148760108,-0.0457468964,0.998951972],"shapeName":"/art/shapes/race/s_concrete_race_barrier.dae"}
{"class":"TSStatic","persistentId":"7ab0aee1-3974-4e24-8151-ca884ba2f023","__parent":"obstacles_group","position":[-256.159271,-141.214493,39.8112984],"isRenderEnabled":false,"rotationMatrix":[0.81336534,0.494649589,-0.306200266,-0.519607842,0.854404867,-7.4505806e-09,0.261618972,0.159104049,0.95196712],"shapeName":"/art/shapes/race/s_concrete_race_barrier.dae"}
{"class":"TSStatic","persistentId":"7bc533dd-b5ff-45fc-810b-ad12bd90f342","__parent":"obstacles_group","position":[80.1290817,-117.193619,36.3697815],"isRenderEnabled":false,"rotationMatrix":[0.854528666,-0.519404233,0,0.519404233,0.854528666,0,0,0,1],"shapeName":"/art/shapes/race/s_concrete_race_barrier.dae"}
{"class":"TSStatic","persistentId":"7e78510f-9ced-4fee-a619-97b49059478d","__parent":"obstacles_group","position":[-244.631744,-136.9534,39.4469643],"isRenderEnabled":false,"rotationMatrix":[0.999646485,0,-0.0265881605,0,1,0,0.0265881605,0,0.999646485],"shapeName":"/art/shapes/race/s_concrete_race_barrier.dae"}
{"class":"TSStatic","persistentId":"845b20a4-2f09-4a3d-81e0-421ce1094ec4","__parent":"obstacles_group","position":[-160.829163,-5.93073845,38.9010544],"isRenderEnabled":false,"rotationMatrix":[0.492706299,-0.870195031,0.00106796809,0.86924386,0.492224455,0.0461536832,-0.040688388,-0.0218118839,0.998933792],"shapeName":"/art/shapes/race/s_concrete_race_barrier.dae"}
{"class":"TSStatic","persistentId":"8792d513-fbf7-4d70-b043-14ddff2f12cf","__parent":"obstacles_group","position":[-154.384537,-17.0597801,38.9010544],"isRenderEnabled":false,"rotationMatrix":[0.492706299,-0.870195031,0.00106796809,0.86924386,0.492224455,0.0461536832,-0.040688388,-0.0218118839,0.998933792],"shapeName":"/art/shapes/race/s_concrete_race_barrier.dae"}
{"class":"TSStatic","persistentId":"87992888-6b1e-4ff2-999f-3b2cd31fe677","__parent":"obstacles_group","position":[-191.369141,6.3749218,39.0132179],"isRenderEnabled":false,"rotationMatrix":[0.999094605,0.0425409116,0.000460343028,-0.0425173827,0.998046815,0.0457687639,0.00148760108,-0.0457468964,0.998951972],"shapeName":"/art/shapes/race/s_concrete_race_barrier.dae"}
{"class":"TSStatic","persistentId":"8807fb27-693d-4ede-a827-472c304b12f1","__parent":"obstacles_group","position":[-166.250946,2.57916427,38.9010544],"isRenderEnabled":false,"rotationMatrix":[0.692689836,-0.721234739,0.00106795691,0.72043246,0.691987634,0.0461536944,-0.0340266675,-0.0312008038,0.998933792],"shapeName":"/art/shapes/race/s_concrete_race_barrier.dae"}
{"class":"TSStatic","persistentId":"8916196c-1a53-4693-a9b9-f09d4e42c70c","__parent":"obstacles_group","position":[46.502758,-96.7547073,36.3697815],"isRenderEnabled":false,"rotationMatrix":[0.854528666,-0.519404233,0,0.519404233,0.854528666,0,0,0,1],"shapeName":"/art/shapes/race/s_concrete_race_barrier.dae"}
{"class":"TSStatic","persistentId":"89bc4d1d-6e7f-405f-9f4a-2fd7c323a262","__parent":"obstacles_group","position":[89.1959,-122.635834,36.7397194],"isRenderEnabled":false,"rotationMatrix":[0.835759401,-0.507995784,0.208438128,0.519404233,0.854528666,3.7252903e-09,-0.178116351,0.108263642,0.978035569],"shapeName":"/art/shapes/race/s_concrete_race_barrier.dae"}
{"class":"TSStatic","persistentId":"916a0355-5106-44fb-b69f-6740cc42b484","__parent":"obstacles_group","position":[-152.841583,-19.8497047,38.9010544],"isRenderEnabled":false,"rotationMatrix":[0.492706299,-0.870195031,0.00106796809,0.86924386,0.492224455,0.0461536832,-0.040688388,-0.0218118839,0.998933792],"shapeName":"/art/shapes/race/s_concrete_race_barrier.dae"}
{"class":"TSStatic","persistentId":"976f71fb-d36f-4b3f-b239-b694e7c3ae65","__parent":"obstacles_group","position":[-185.001923,6.6000452,39.0132179],"isRenderEnabled":false,"rotationMatrix":[0.999094605,0.0425409116,0.000460343028,-0.0425173827,0.998046815,0.0457687639,0.00148760108,-0.0457468964,0.998951972],"shapeName":"/art/shapes/race/s_concrete_race_barrier.dae"}
{"class":"TSStatic","persistentId":"9f9639f3-38e6-41bc-a717-ce0ffeab7250","__parent":"obstacles_group","position":[85.9886017,-120.75518,36.3697815],"isRenderEnabled":false,"rotationMatrix":[0.854528666,-0.519404233,0,0.519404233,0.854528666,0,0,0,1],"shapeName":"/art/shapes/race/s_concrete_race_barrier.dae"}
{"class":"TSStatic","persistentId":"a6597094-8514-4bd7-8022-dac94708bcf8","__parent":"obstacles_group","position":[-164.048325,-0.310438633,38.9010544],"isRenderEnabled":false,"rotationMatrix":[0.492706299,-0.870195031,0.00106796809,0.86924386,0.492224455,0.0461536832,-0.040688388,-0.0218118839,0.998933792],"shapeName":"/art/shapes/race/s_concrete_race_barrier.dae"}
{"class":"TSStatic","persistentId":"a7655ffa-de6c-4083-af8c-21fa6f614aed","__parent":"obstacles_group","position":[65.6794281,-108.410767,36.3697815],"isRenderEnabled":false,"rotationMatrix":[0.854528666,-0.519404233,0,0.519404233,0.854528666,0,0,0,1],"shapeName":"/art/shapes/race/s_concrete_race_barrier.dae"}
{"class":"TSStatic","persistentId":"a76eca14-e743-4151-8810-f3bacb9acd53","__parent":"obstacles_group","position":[-209.663437,2.28160095,38.896244],"isRenderEnabled":false,"rotationMatrix":[0.971263945,0.238004595,0.000460343435,-0.237775683,0.970241189,0.0457687676,0.0104465336,-0.0445630103,0.998951972],"shapeName":"/art/shapes/race/s_concrete_race_barrier.dae"}
{"class":"TSStatic","persistentId":"a886b342-49ca-4bd4-96ad-eaa26ff1cf78","__parent":"obstacles_group","position":[-162.429001,-3.10386133,38.9010544],"isRenderEnabled":false,"rotationMatrix":[0.492706299,-0.870195031,0.00106796809,0.86924386,0.492224455,0.0461536832,-0.040688388,-0.0218118839,0.998933792],"shapeName":"/art/shapes/race/s_concrete_race_barrier.dae"}
{"class":"TSStatic","persistentId":"ab5b7445-bb33-4e46-9772-4cc03ad5b821","__parent":"obstacles_group","position":[-228.82515,-17.8425045,39.1432076],"isRenderEnabled":false,"rotationMatrix":[0.525280058,0.85092932,0.000460362062,-0.850048721,0.524711728,0.0457688011,0.0387044549,-0.0244327672,0.998951972],"shapeName":"/art/shapes/race/s_concrete_race_barrier.dae"}
{"class":"TSStatic","persistentId":"ae3cad61-15e1-4495-aab7-c111acd2e27d","__parent":"obstacles_group","position":[49.2277145,-98.4110107,36.3697815],"isRenderEnabled":false,"rotationMatrix":[0.854528666,-0.519404233,0,0.519404233,0.854528666,0,0,0,1],"shapeName":"/art/shapes/race/s_concrete_race_barrier.dae"}
{"class":"TSStatic","persistentId":"b0d26c91-1234-4308-a150-b3cca72adf73","__parent":"obstacles_group","position":[-172.044357,6.14573908,39.0132179],"isRenderEnabled":false,"rotationMatrix":[0.957814038,-0.287388355,0.000460343435,0.287067026,0.956816435,0.0457687601,-0.013593873,-0.0437058136,0.998951972],"shapeName":"/art/shapes/race/s_concrete_race_barrier.dae"}
{"class":"TSStatic","persistentId":"b7526544-fcde-4444-919f-db0f65f67145","__parent":"obstacles_group","position":[-238.450653,-136.9534,39.1242905],"isRenderEnabled":false,"rotationMatrix":[0.99810493,0,-0.0615352057,0,1,0,0.0615352057,0,0.99810493],"shapeName":"/art/shapes/race/s_concrete_race_barrier.dae"}
{"class":"TSStatic","persistentId":"b75d60ce-ca91-4b2e-803f-de7291b7696b","__parent":"obstacles_group","position":[-169.035645,4.62164974,38.9010544],"isRenderEnabled":false,"rotationMatrix":[0.844470263,-0.535602212,0.000460344367,0.535023212,0.843596697,0.0457687601,-0.0249021947,-0.0384040624,0.998951972],"shapeName":"/art/shapes/race/s_concrete_race_barrier.dae"}
{"class":"TSStatic","persistentId":"bfa47e6d-f89c-45b4-9dde-3f24e417bb64","__parent":"obstacles_group","position":[-200.542618,4.55064487,39.0132179],"isRenderEnabled":false,"rotationMatrix":[0.971263945,0.238004595,0.000460343435,-0.237775683,0.970241189,0.0457687676,0.0104465336,-0.0445630103,0.998951972],"shapeName":"/art/shapes/race/s_concrete_race_barrier.dae"}
{"class":"TSStatic","persistentId":"c1ae5629-7824-4237-8ca7-510669b982bb","__parent":"obstacles_group","position":[-261.096802,-144.124268,41.6739502],"isRenderEnabled":false,"rotationMatrix":[0.854125619,0.519437909,-0.0255671032,-0.519607782,0.854404926,3.25962901e-09,0.021844659,0.0132848639,0.999673128],"shapeName":"/art/shapes/race/s_concrete_race_barrier.dae"}
{"class":"TSStatic","persistentId":"c593367d-e092-4ae7-a9b1-88452246453d","__parent":"obstacles_group","position":[274.845673,-407.820068,34.262043],"isRenderEnabled":false,"rotationMatrix":[0.642535806,-0.766209543,-0.00839510933,0.766236603,0.642558455,1.16415322e-09,0.00539434701,-0.0064326413,0.999964774],"shapeName":"/art/shapes/race/s_concrete_race_barrier.dae"}
{"class":"TSStatic","persistentId":"cd58c805-1c71-4f6f-9c17-74837742273e","__parent":"obstacles_group","position":[74.4938354,-113.768379,36.3697815],"isRenderEnabled":false,"rotationMatrix":[0.854528666,-0.519404233,0,0.519404233,0.854528666,0,0,0,1],"shapeName":"/art/shapes/race/s_concrete_race_barrier.dae"}
{"class":"TSStatic","persistentId":"d381a9fd-0a5a-4b79-8db4-6095626fec1d","__parent":"obstacles_group","position":[77.3161087,-115.483826,36.3697815],"isRenderEnabled":false,"rotationMatrix":[0.854528666,-0.519404233,0,0.519404233,0.854528666,0,0,0,1],"shapeName":"/art/shapes/race/s_concrete_race_barrier.dae"}
{"class":"TSStatic","persistentId":"d88e387e-d696-4a00-9a7b-4389723be661","__parent":"obstacles_group","position":[-263.946472,-145.857315,41.7592506],"isRenderEnabled":false,"rotationMatrix":[0.854125619,0.519437909,-0.0255671032,-0.519607782,0.854404926,3.25962901e-09,0.021844659,0.0132848639,0.999673128],"shapeName":"/art/shapes/race/s_concrete_race_barrier.dae"}
{"class":"TSStatic","persistentId":"de0424c7-224d-44cc-8868-730a5845f7d0","__parent":"obstacles_group","position":[-235.237228,-136.9534,38.93256],"isRenderEnabled":false,"rotationMatrix":[0.99999994,0,0,0,0.99999994,0,0,0,0.999999881],"shapeName":"/art/shapes/race/s_concrete_race_barrier.dae"}
{"class":"TSStatic","persistentId":"e14f05db-c266-472e-a2a8-294a5eaee885","__parent":"obstacles_group","position":[278.926544,-412.686432,34.2087212],"isRenderEnabled":false,"rotationMatrix":[0.642535806,-0.766209543,-0.00839510933,0.766236603,0.642558455,1.16415322e-09,0.00539434701,-0.0064326413,0.999964774],"shapeName":"/art/shapes/race/s_concrete_race_barrier.dae"}
{"class":"TSStatic","persistentId":"e22dd842-2291-40cc-82ae-b1afdf87a533","__parent":"obstacles_group","position":[-197.527924,5.2711153,39.0132179],"isRenderEnabled":false,"rotationMatrix":[0.971263945,0.238004595,0.000460343435,-0.237775683,0.970241189,0.0457687676,0.0104465336,-0.0445630103,0.998951972],"shapeName":"/art/shapes/race/s_concrete_race_barrier.dae"}
{"class":"TSStatic","persistentId":"e5801447-5452-42dc-9cb2-3334349787dd","__parent":"obstacles_group","position":[-258.479156,-142.62532,41.5190506],"isRenderEnabled":false,"rotationMatrix":[0.81336534,0.494649589,-0.306200266,-0.519607842,0.854404867,-7.4505806e-09,0.261618972,0.159104049,0.95196712],"shapeName":"/art/shapes/race/s_concrete_race_barrier.dae"}
{"class":"TSStatic","persistentId":"e724ef93-846f-46fd-8563-fe7a6c0c4416","__parent":"obstacles_group","position":[-241.553757,-136.9534,39.2944679],"isRenderEnabled":false,"rotationMatrix":[0.99810493,0,-0.0615352057,0,1,0,0.0615352057,0,0.99810493],"shapeName":"/art/shapes/race/s_concrete_race_barrier.dae"}
{"class":"TSStatic","persistentId":"edb33d55-d65d-4a24-aebb-6530f565b89c","__parent":"obstacles_group","position":[-218.364456,-1.98894787,39.2445831],"isRenderEnabled":false,"rotationMatrix":[0.77193594,0.635700166,0.000460346229,-0.635050356,0.771113694,0.0457687676,0.0287402384,-0.0356229022,0.998951972],"shapeName":"/art/shapes/race/s_concrete_race_barrier.dae"}
{"class":"TSStatic","persistentId":"ef5c1d4e-9491-44df-8d5b-0d4fe8623ef0","__parent":"obstacles_group","position":[-159.131088,-8.81746483,38.9010544],"isRenderEnabled":false,"rotationMatrix":[0.492706299,-0.870195031,0.00106796809,0.86924386,0.492224455,0.0461536832,-0.040688388,-0.0218118839,0.998933792],"shapeName":"/art/shapes/race/s_concrete_race_barrier.dae"}
{"class":"TSStatic","persistentId":"f21a4b27-5122-4a62-913f-7894fd80fa60","__parent":"obstacles_group","position":[57.3467331,-103.345955,36.3697815],"isRenderEnabled":false,"rotationMatrix":[0.854528666,-0.519404233,0,0.519404233,0.854528666,0,0,0,1],"shapeName":"/art/shapes/race/s_concrete_race_barrier.dae"}
{"class":"TSStatic","persistentId":"f4bbfbb5-d387-4d8a-b9d1-ab1bd546c256","__parent":"obstacles_group","position":[71.4491501,-111.917747,36.3697815],"isRenderEnabled":false,"rotationMatrix":[0.854528666,-0.519404233,0,0.519404233,0.854528666,0,0,0,1],"shapeName":"/art/shapes/race/s_concrete_race_barrier.dae"}
{"class":"TSStatic","persistentId":"fdcf4984-de07-4224-af23-6550a99a3f71","__parent":"obstacles_group","position":[92.1151886,-124.47908,37.3311729],"isRenderEnabled":false,"rotationMatrix":[0.844816923,-0.513501167,0.150335729,0.519404173,0.854528666,3.7252903e-09,-0.128466189,0.0780850053,0.988635004],"shapeName":"/art/shapes/race/s_concrete_race_barrier.dae"}
{"class":"TSStatic","persistentId":"ffef5756-ebb8-4349-a5fd-2233a1765de5","__parent":"obstacles_group","position":[-149.755035,-25.4004917,38.9010544],"isRenderEnabled":false,"rotationMatrix":[0.492706299,-0.870195031,0.00106796809,0.86924386,0.492224455,0.0461536832,-0.040688388,-0.0218118839,0.998933792],"shapeName":"/art/shapes/race/s_concrete_race_barrier.dae"}
