{"name":"ind_clutter_big_1","internalName":"ind_clutter_big_1","class":"Prefab","persistentId":"d145f25f-00db-4dcf-8566-2464fda1f007","__parent":"container_land","position":[344.743652,120.219673,36.5982056],"annotation":"OBSTACLES","filename":"/levels/industrial/art/prefabs/ind_clutter_big_1.prefab.json","rotationMatrix":[-0.961019456,-0.178283155,0.211320996,0.203981742,-0.973149717,0.10663534,0.186635688,0.145584285,0.971582353]}
{"class":"TSStatic","persistentId":"ba2881bc-d6ae-4675-a125-2048bcaad809","__parent":"container_land","position":[386.796509,133.72258,39.2046967],"annotation":"OBSTACLES","isRenderEnabled":false,"rotationMatrix":[-0.077647157,0.99211514,0.0983788744,-0.992676437,-0.0860941708,0.0847421587,0.0925438404,-0.0910784155,0.991534173],"shapeName":"/levels/industrial/art/shapes/misc/concrete_road_barrier_a.dae","useInstanceRenderData":true}
{"class":"TSStatic","persistentId":"fbdd57ec-91f1-42c6-acfb-a55fff2f61f6","__parent":"container_land","position":[386.971741,130.5242,38.9386406],"annotation":"OBSTACLES","isRenderEnabled":false,"rotationMatrix":[-0.0013881363,0.998132765,0.0610646196,-0.996474862,-0.00650269352,0.083637774,0.0838786811,-0.0607332699,0.994623303],"shapeName":"/levels/industrial/art/shapes/misc/concrete_road_barrier_b.dae","useInstanceRenderData":true}
{"class":"TSStatic","persistentId":"04ffea19-e1da-404d-80e3-bde93063f1ff","__parent":"container_land","position":[275.065735,171.564636,39.3691368],"annotation":"OBSTACLES","isRenderEnabled":false,"rotationMatrix":[-0.948985517,0.315319508,0,-0.315319538,-0.948985517,0,0,0,1],"shapeName":"/levels/industrial/art/shapes/buildings/industrial_clutters/wood_stack_c.DAE","useInstanceRenderData":true}
{"class":"TSStatic","persistentId":"063dea3f-3dc0-4f79-8fa4-d416cca91a58","__parent":"container_land","position":[364.69278,232.652908,41.0054321],"isRenderEnabled":false,"rotationMatrix":[-0.0838659033,-0.986535549,0.140404463,0.958201468,-0.0411638394,0.283115417,-0.273524195,0.158279672,0.94875282],"scale":[1.13677716,1.13677716,1.13677716],"shapeName":"/levels/industrial/art/shapes/buildings/debris/debris_b_a.DAE"}
{"class":"TSStatic","persistentId":"1222d605-b166-4009-9b53-9c161aec0ad6","__parent":"container_land","position":[331.022461,222.367004,45.1575165],"annotation":"OBSTACLES","isRenderEnabled":false,"rotationMatrix":[-0.00152062182,0.999923766,0.0122588677,-0.999334753,-0.00107279164,-0.0364552811,-0.0364393517,-0.0123061473,0.999260187],"scale":[0.632393658,0.632393658,0.632393658],"shapeName":"/levels/industrial/art/shapes/buildings/concrete_pillard.dae"}
{"class":"TSStatic","persistentId":"1912c031-02b2-4c75-8a88-617e56242615","__parent":"container_land","position":[365.94165,231.293076,40.3129539],"isRenderEnabled":false,"shapeName":"/levels/industrial/art/shapes/buildings/debris/metal_pile.DAE"}
{"class":"TSStatic","persistentId":"1ee81dee-17e7-40c2-9bf2-ae0e864c20ae","__parent":"container_land","position":[366.168121,230.573349,40.8896713],"isRenderEnabled":false,"rotationMatrix":[1,0,0,0,0.0731712505,-0.997319877,0,0.997319877,0.0731712505],"shapeName":"/levels/industrial/art/shapes/buildings/debris/debris_m_barlong.DAE"}
{"class":"TSStatic","persistentId":"2a7725aa-a98a-43b6-96a4-72b21911e74f","__parent":"container_land","position":[365.698181,230.676575,41.8881874],"isRenderEnabled":false,"rotationMatrix":[0.590055704,0.806827724,0.0293648392,-0.687692881,0.521319449,-0.505276978,-0.422980309,0.277948141,0.862457573],"scale":[1.07610667,1.07610667,1.07610667],"shapeName":"/levels/industrial/art/shapes/buildings/debris/debris_a_d.DAE"}
{"class":"TSStatic","persistentId":"2b549707-6bb4-4ae8-883e-67aa6df5ae80","__parent":"container_land","position":[367.298615,232.075607,42.3704453],"isRenderEnabled":false,"rotationMatrix":[-0.742080688,-0.667353153,-0.0629025251,-0.570618689,0.678166687,-0.46312505,0.351726353,-0.307782739,-0.884058177],"scale":[1.13677716,1.13677716,1.13677716],"shapeName":"/levels/industrial/art/shapes/buildings/debris/debris_b_a.DAE"}
{"class":"TSStatic","persistentId":"2dee226f-e2a0-4b07-b701-96515a5a6414","__parent":"container_land","position":[264.21994,211.487717,41.2203751],"annotation":"OBSTACLES","isRenderEnabled":false,"rotationMatrix":[-0.99903065,-1.69688477e-07,0.0440127105,0.0440125465,-3.27581688e-07,0.99903059,-1.5510625e-07,0.99999994,3.3473259e-07],"shapeName":"/levels/industrial/art/shapes/buildings/industrial_clutters/wood_pallet.DAE","useInstanceRenderData":true}
{"class":"TSStatic","persistentId":"2e879bbd-36bc-4d30-b51f-421713a90ad7","__parent":"container_land","position":[334.996643,208.432251,48.1910439],"annotation":"OBSTACLES","isRenderEnabled":false,"rotationMatrix":[0.823842824,0.555493176,0.112732366,0.123028196,0.0189027824,-0.992223442,-0.553304315,0.831305325,-0.0527680069],"scale":[0.711735904,0.711735904,0.711735904],"shapeName":"/levels/industrial/art/shapes/buildings/concrete_pillard.dae"}
{"class":"TSStatic","persistentId":"2ee0c14e-862e-4791-8e2b-5f742b7f950e","__parent":"container_land","position":[362.849792,232.734726,40.7027817],"isRenderEnabled":false,"rotationMatrix":[0.907992721,1.79768494e-06,0.418985367,6.98917859e-07,-0.999998748,2.39673795e-06,0.418985099,5.96044629e-07,-0.90799123],"scale":[1.13075972,1.13075972,1.13075972],"shapeName":"/levels/industrial/art/shapes/buildings/debris/debris_a_d.DAE"}
{"class":"TSStatic","persistentId":"31e7fe3b-ed0a-40af-a484-8c9bfaef27ff","__parent":"container_land","position":[365.655182,232.158127,41.7084274],"isRenderEnabled":false,"rotationMatrix":[0.606380105,0.795174956,-0.000529987738,0.74489367,-0.5678038,0.350332439,0.278274566,-0.212829277,-0.93662554],"scale":[1.13677716,1.13677716,1.32932091],"shapeName":"/levels/industrial/art/shapes/buildings/debris/debris_a_a.DAE"}
{"class":"TSStatic","persistentId":"32c78923-0d3e-4671-98a6-beec3258f72c","__parent":"container_land","position":[263.695007,230.675919,42.7753983],"annotation":"OBSTACLES","isRenderEnabled":false,"rotationMatrix":[-0.000818440458,-0.00579018611,0.999983013,-0.999677718,0.0253039915,-0.000671647023,-0.0252996422,-0.999661267,-0.0058090291],"scale":[0.632393658,0.632393658,0.632393658],"shapeName":"/levels/industrial/art/shapes/buildings/concrete_pillard.dae"}
{"class":"TSStatic","persistentId":"378b7601-887a-4494-a35a-3565486cf427","__parent":"container_land","position":[363.248444,233.466934,40.479702],"isRenderEnabled":false,"rotationMatrix":[0.892076254,-0.451804966,-0.00850922149,0.450530469,0.887787461,0.0941026136,-0.0349616483,-0.0877803639,0.995525956],"scale":[1.22495699,1.22495699,1.22495699],"shapeName":"/levels/industrial/art/shapes/buildings/debris/debris_m_pipe.DAE"}
{"class":"TSStatic","persistentId":"38c586a5-7bdc-42d9-9cdf-8800ba724b29","__parent":"container_land","position":[303.009918,220.764465,42.811245],"annotation":"OBSTACLES","isRenderEnabled":false,"rotationMatrix":[0.999976337,0.00689809956,0,-0.00689809956,0.999976337,0,0,0,1],"shapeName":"/levels/industrial/art/shapes/buildings/ind_metal_scraps_b.DAE"}
{"class":"TSStatic","persistentId":"4f733832-23bf-44bb-a146-41fd3ca573c5","__parent":"container_land","position":[334.936584,207.948288,48.1727219],"annotation":"OBSTACLES","isRenderEnabled":false,"rotationMatrix":[0.610244155,-0.789944291,0.0599397831,0.117679775,0.0155677348,-0.992929578,0.783424437,0.612983704,0.102460735],"scale":[0.711735904,0.711735904,0.711735904],"shapeName":"/levels/industrial/art/shapes/buildings/concrete_pillard.dae"}
{"class":"TSStatic","persistentId":"4f9e9937-c703-43df-abd4-434950406851","__parent":"container_land","position":[268.152802,238.063736,41.3119049],"annotation":"OBSTACLES","isRenderEnabled":false,"rotationMatrix":[-0.000818440458,-0.00579018611,0.999983013,-0.982422173,0.186662331,0.000276786188,-0.186660692,-0.982405126,-0.0058411737],"shapeName":"/levels/industrial/art/shapes/buildings/concrete_pillard.dae"}
{"class":"TSStatic","persistentId":"50e30009-a71f-4786-8414-4d1035038626","__parent":"container_land","position":[276.371399,170.218597,39.9438629],"annotation":"OBSTACLES","isRenderEnabled":false,"rotationMatrix":[0.933731437,-0.35797441,0,0.35797441,0.933731437,0,0,0,1],"shapeName":"/levels/industrial/art/shapes/buildings/industrial_clutters/wood_stack_c.DAE","useInstanceRenderData":true}
{"class":"TSStatic","persistentId":"52b2e0fb-87af-4234-87fd-56902dcdb67a","__parent":"container_land","position":[376.792999,116.635033,37.7011375],"annotation":"OBSTACLES","isRenderEnabled":false,"rotationMatrix":[0.287062973,0.957843423,-0.0113728764,-0.953880787,0.284747154,-0.0950266346,-0.0877821445,0.0381269827,0.995409429],"shapeName":"/levels/industrial/art/shapes/buildings/ind_metal_scraps_a.DAE"}
{"class":"TSStatic","persistentId":"568e1695-040b-4b2b-bc83-a556ee15336f","__parent":"container_land","position":[334.982452,207.477814,48.1667328],"annotation":"OBSTACLES","isRenderEnabled":false,"rotationMatrix":[0.522632122,-0.851324499,0.0459023528,0.0916039497,0.00254387828,-0.995791733,0.847625375,0.52463752,0.0793141723],"scale":[0.711735904,0.711735904,0.711735904],"shapeName":"/levels/industrial/art/shapes/buildings/concrete_pillard.dae"}
{"class":"TSStatic","persistentId":"5728940a-3ca6-48e3-b076-416e2460551a","__parent":"container_land","position":[366.656403,232.730667,41.5287514],"isRenderEnabled":false,"rotationMatrix":[-0.2693986,0.333645046,0.903385222,-0.78307724,0.470125347,-0.407151818,-0.560548782,-0.817106605,0.134618729],"shapeName":"/levels/industrial/art/shapes/buildings/debris/debris_m_barbent_a.DAE"}
{"class":"TSStatic","persistentId":"592653d4-a2b1-4b4f-b3be-33eda39dd295","__parent":"container_land","position":[331.007538,222.955414,44.6239395],"annotation":"OBSTACLES","isRenderEnabled":false,"rotationMatrix":[0.000670084672,0.0119643118,0.999928236,0.999999762,0.000118226766,-0.000671547197,-0.000126252897,0.999928474,-0.0119642299],"scale":[0.632393658,0.632393658,0.632393658],"shapeName":"/levels/industrial/art/shapes/buildings/concrete_pillard.dae"}
{"class":"TSStatic","persistentId":"5ce1ceb5-b1fd-47d4-b6b0-a96caa4a3d8e","__parent":"container_land","position":[333.540253,223.019821,45.1976433],"annotation":"OBSTACLES","isRenderEnabled":false,"rotationMatrix":[0.000670965237,0.00580902863,0.999982893,0.999999762,0.000123274513,-0.000671692716,-0.00012717428,0.999983132,-0.00580894435],"scale":[0.632393658,0.632393658,0.632393658],"shapeName":"/levels/industrial/art/shapes/buildings/concrete_pillard.dae"}
{"class":"TSStatic","persistentId":"6113f4d4-e25d-444e-a69c-b546487a3166","__parent":"container_land","position":[336.035522,205.046768,42.9641571],"annotation":"OBSTACLES","isRenderEnabled":false,"rotationMatrix":[0.996964991,-0.028671803,0.0723860338,-0.012230387,-0.975852191,-0.218086481,0.076891087,0.216539279,-0.973241448],"scale":[0.711735904,0.711735904,0.711735904],"shapeName":"/levels/industrial/art/shapes/buildings/concrete_pillard.dae"}
{"class":"TSStatic","persistentId":"63460aba-fe52-4abd-8c74-d41d8b38c9dd","__parent":"container_land","position":[364.402893,231.912506,41.1171989],"isRenderEnabled":false,"rotationMatrix":[-0.135436371,-0.982002497,0.131635338,0.945380807,-0.0883250237,0.313773334,-0.29649955,0.166941777,0.940329075],"scale":[1.13677716,1.13677716,1.13677716],"shapeName":"/levels/industrial/art/shapes/buildings/debris/debris_a_b.DAE"}
{"class":"TSStatic","persistentId":"67b6bc76-c63b-421e-a3ee-c7b713a849e1","__parent":"container_land","position":[364.37088,232.263672,40.3325462],"isRenderEnabled":false,"rotationMatrix":[0.614380896,-0.788973391,0.00751126138,0.78893435,0.614425898,0.00794358365,-0.0108824093,0.00104551367,0.999939978],"scale":[1.10457873,1.10457873,1.10457873],"shapeName":"/levels/industrial/art/shapes/buildings/debris/big_pile.DAE"}
{"class":"TSStatic","persistentId":"71ebe2f5-fae9-45ef-811f-842b1481e43c","__parent":"container_land","position":[268.862885,230.387497,42.7753983],"annotation":"OBSTACLES","isRenderEnabled":false,"rotationMatrix":[-0.000818440458,-0.00579018611,0.999983013,-0.999677718,0.0253039915,-0.000671647023,-0.0252996422,-0.999661267,-0.0058090291],"scale":[0.632393658,0.632393658,0.632393658],"shapeName":"/levels/industrial/art/shapes/buildings/concrete_pillard.dae"}
{"class":"TSStatic","persistentId":"7e56b03c-9050-452a-bf0a-f4f403b2721b","__parent":"container_land","position":[328.492218,142.501816,40.7284241],"decalType":"None","isRenderEnabled":false,"rotationMatrix":[-0.183363304,0.982260764,-0.0392806008,-0.983042598,-0.183326095,0.00457332889,-0.00270850444,0.0394525491,0.99921757],"scale":[1.29999995,1.29999995,1.29999995],"shapeName":"/levels/industrial/art/shapes/buildings/debris/debris_b_a.DAE"}
{"class":"TSStatic","persistentId":"7fed6cdc-30d6-4650-a16a-531558dd9830","__parent":"container_land","position":[334.757721,196.135315,41.7307777],"annotation":"OBSTACLES","isRenderEnabled":false,"rotationMatrix":[-0.737640798,-0.675192952,0,0.675192952,-0.737640798,0,0,0,1],"shapeName":"/levels/industrial/art/shapes/buildings/ind_metal_scraps_c.DAE"}
{"class":"TSStatic","persistentId":"81802a29-8c14-4af9-bbf7-d683f4ca04d0","__parent":"container_land","position":[325.133911,114.376007,35.9804878],"isRenderEnabled":false,"rotationMatrix":[0.987659335,-0.0254464261,0.154536545,2.94153165e-06,0.986715376,0.162456706,-0.156617552,-0.160451412,0.974538922],"scale":[1.18531513,1.18531513,1.18531513],"shapeName":"/levels/industrial/art/shapes/buildings/debris/medium_pile.DAE"}
{"class":"TSStatic","persistentId":"83cea695-c44a-46f8-b18e-beebd2c7a3bd","__parent":"container_land","position":[366.432495,230.985321,42.3627357],"isRenderEnabled":false,"rotationMatrix":[-0.619709015,0.628224492,-0.470418751,0.675834119,0.731889248,0.0870937109,0.399009198,-0.263952672,-0.878134727],"scale":[1.13677716,1.13677716,1.13677716],"shapeName":"/levels/industrial/art/shapes/buildings/debris/debris_b_b.DAE"}
{"class":"TSStatic","persistentId":"847b29c2-0196-41c3-8908-41a754bd7196","__parent":"container_land","position":[333.555267,222.430283,44.6239395],"annotation":"OBSTACLES","isRenderEnabled":false,"rotationMatrix":[-0.000670959533,-0.00580903608,0.999982893,-0.999999762,-0.000122490455,-0.000671682472,0.000126390194,-0.999983132,-0.00580895273],"scale":[0.632393658,0.632393658,0.632393658],"shapeName":"/levels/industrial/art/shapes/buildings/concrete_pillard.dae"}
{"class":"TSStatic","persistentId":"85950606-ac35-4dfb-856d-4a4d37790fd3","__parent":"container_land","position":[313.783752,255.75499,37.8558884],"isRenderEnabled":false,"rotationMatrix":[-4.37113883e-08,1,0,-1,-4.37113883e-08,0,0,0,1],"shapeName":"/levels/industrial/art/shapes/buildings/generator.DAE","useInstanceRenderData":true}
{"class":"TSStatic","persistentId":"8878539a-217d-4258-a114-677b6d63f88d","__parent":"container_land","position":[262.95108,211.487717,41.194664],"annotation":"OBSTACLES","isRenderEnabled":false,"rotationMatrix":[1,0,0,0,-3.27825546e-07,-0.99999994,0,0.99999994,-3.27825546e-07],"shapeName":"/levels/industrial/art/shapes/buildings/industrial_clutters/wood_pallet.DAE","useInstanceRenderData":true}
{"name":"container_platforms","class":"TSStatic","persistentId":"89bcab92-e2ce-4a5c-aac8-4addfabf7107","__parent":"container_land","position":[0,0,38],"decalType":"Visible Mesh Final","isRenderEnabled":false,"shapeName":"/levels/industrial/art/shapes/buildings/container_land/containers_platforms.DAE"}
{"class":"TSStatic","persistentId":"8a32da04-1851-4c35-bafb-db713cdee11e","__parent":"container_land","position":[336.079346,207.745987,43.5713806],"annotation":"OBSTACLES","isRenderEnabled":false,"rotationMatrix":[0.996964991,-0.028671803,0.0723860338,-0.012230387,-0.975852191,-0.218086481,0.076891087,0.216539279,-0.973241448],"scale":[0.711735904,0.711735904,0.711735904],"shapeName":"/levels/industrial/art/shapes/buildings/concrete_pillard.dae"}
{"class":"TSStatic","persistentId":"91a963d6-26c0-4148-9229-c232e4e07693","__parent":"container_land","position":[266.311371,230.327072,42.7797661],"annotation":"OBSTACLES","isRenderEnabled":false,"rotationMatrix":[0.00564253703,0.9999668,0.00558845745,-0.999977112,0.00566051109,-0.00319971237,-0.00323126186,-0.00557026453,0.999979675],"scale":[0.632393658,0.632393658,0.632393658],"shapeName":"/levels/industrial/art/shapes/buildings/concrete_pillard.dae"}
{"class":"TSStatic","persistentId":"9743f51a-c285-4bb8-b9f0-0c6dc075cbb7","__parent":"container_land","position":[365.464264,233.309143,40.320961],"isRenderEnabled":false,"scale":[1.18531513,1.18531513,1.18531513],"shapeName":"/levels/industrial/art/shapes/buildings/debris/medium_pile.DAE"}
{"class":"TSStatic","persistentId":"9933894d-b5a6-41aa-9573-14c0ce9fe439","__parent":"container_land","position":[330.283661,141.762589,40.965847],"decalType":"None","isRenderEnabled":false,"rotationMatrix":[-0.276437998,0.960540414,-0.0307089686,-0.960419834,-0.277260274,-0.0268021543,-0.0342589319,0.0220842715,0.99916935],"scale":[1.29999995,1.29999995,1.29999995],"shapeName":"/levels/industrial/art/shapes/buildings/debris/debris_a_b.DAE"}
{"class":"TSStatic","persistentId":"9d5e8709-879c-4d11-99d6-8038be94a7ed","__parent":"container_land","position":[391.760834,189.330658,38.1340828],"isRenderEnabled":false,"rotationMatrix":[0.999999881,5.96046448e-08,0,-5.96046448e-08,0.999999881,0,0,0,1],"shapeName":"/levels/industrial/art/shapes/buildings/generator.DAE","useInstanceRenderData":true}
{"class":"TSStatic","persistentId":"a313eb55-a8f5-4e6c-b734-33b77d111065","__parent":"container_land","position":[326.724701,113.246666,36.4255867],"isRenderEnabled":false,"rotationMatrix":[0.954186141,-0.0133385547,0.298916906,-0.00662835035,0.997818649,0.065684244,-0.29914096,-0.0646563247,0.952016354],"shapeName":"/levels/industrial/art/shapes/buildings/debris/big_pile.DAE"}
{"class":"TSStatic","persistentId":"b00c2bfd-5275-4733-a7cc-a2a9311ef654","__parent":"container_land","position":[325.332123,113.055008,35.9854813],"isRenderEnabled":false,"rotationMatrix":[0.977108181,-0.018088337,0.211972117,3.02671833e-06,0.996380091,0.0850108117,-0.212742478,-0.083064124,0.973571122],"shapeName":"/levels/industrial/art/shapes/buildings/debris/metal_pile.DAE"}
{"class":"TSStatic","persistentId":"b10c253e-976a-4f5a-a723-f089c9b0b678","__parent":"container_land","position":[333.555328,222.431442,45.1575165],"annotation":"OBSTACLES","isRenderEnabled":false,"rotationMatrix":[-0.00152062182,0.999923766,0.0122588677,-0.999334753,-0.00107279164,-0.0364552811,-0.0364393517,-0.0123061473,0.999260187],"scale":[0.632393658,0.632393658,0.632393658],"shapeName":"/levels/industrial/art/shapes/buildings/concrete_pillard.dae"}
{"class":"TSStatic","persistentId":"b3a0d2a7-0ad4-4eb4-876b-5c7c4dfabebf","__parent":"container_land","position":[331.007507,222.955414,45.1976433],"annotation":"OBSTACLES","isRenderEnabled":false,"rotationMatrix":[0.000670965237,0.00580902863,0.999982893,0.999999762,0.000123274513,-0.000671692716,-0.00012717428,0.999983132,-0.00580894435],"scale":[0.632393658,0.632393658,0.632393658],"shapeName":"/levels/industrial/art/shapes/buildings/concrete_pillard.dae"}
{"class":"TSStatic","persistentId":"b60d0ebb-d4c5-4517-b669-31d48b6896ca","__parent":"container_land","position":[348.712158,165.644287,39.0209808],"annotation":"OBSTACLES","isRenderEnabled":false,"rotationMatrix":[0.939302325,-0.343093276,0,0.343093276,0.939302325,0,0,0,1],"shapeName":"/levels/industrial/art/shapes/buildings/ind_metal_scraps_b.DAE"}
{"class":"TSStatic","persistentId":"b911846f-9c3d-4339-8009-20c414a89c9f","__parent":"container_land","position":[331.567139,142.302277,40.7407722],"decalType":"None","isRenderEnabled":false,"rotationMatrix":[-0.148993641,0.988696456,-0.0167170428,-0.988777041,-0.149152011,-0.00859216414,-0.0109881507,0.015249853,0.999823451],"scale":[1.29999995,1.29999995,1.29999995],"shapeName":"/levels/industrial/art/shapes/buildings/debris/debris_b_a.DAE"}
{"class":"TSStatic","persistentId":"c0ee3f7a-a370-4078-951a-2b1d0fb4f78f","__parent":"container_land","position":[297.015167,144.727722,36.6652908],"isRenderEnabled":false,"rotationMatrix":[-4.37113883e-08,-1,0,1,-4.37113883e-08,0,0,0,1],"shapeName":"/levels/industrial/art/shapes/buildings/generator.DAE","useInstanceRenderData":true}
{"class":"TSStatic","persistentId":"c9e20a33-601f-418c-84b5-720056afe42b","__parent":"container_land","position":[278.683685,168.35347,39.3691368],"annotation":"OBSTACLES","isRenderEnabled":false,"rotationMatrix":[-0.13528645,-0.990806758,0,0.990806758,-0.13528645,0,0,0,1],"shapeName":"/levels/industrial/art/shapes/buildings/industrial_clutters/wood_stack_c.DAE","useInstanceRenderData":true}
{"class":"TSStatic","persistentId":"cbf6e3a1-db52-42cd-bef7-558f3e431c60","__parent":"container_land","position":[329.418823,221.096451,44.7383156],"annotation":"OBSTACLES","isRenderEnabled":false,"rotationMatrix":[-0.00762095535,0.00214752927,0.999968588,-0.0340812951,0.999416113,-0.00240608817,-0.999389887,-0.0340985507,-0.00754332496],"scale":[0.857847512,0.857847512,0.857847512],"shapeName":"/levels/industrial/art/shapes/buildings/concrete_pillard.dae"}
{"class":"TSStatic","persistentId":"d10627b7-d71d-498d-ab40-d3a931ee7908","__parent":"container_land","position":[333.540283,223.019821,44.6239395],"annotation":"OBSTACLES","isRenderEnabled":false,"rotationMatrix":[0.000670084672,0.0119643118,0.999928236,0.999999762,0.000118226766,-0.000671547197,-0.000126252897,0.999928474,-0.0119642299],"scale":[0.632393658,0.632393658,0.632393658],"shapeName":"/levels/industrial/art/shapes/buildings/concrete_pillard.dae"}
{"class":"TSStatic","persistentId":"d3ab3d3e-63e9-40b2-8a12-598383026677","__parent":"container_land","position":[331.004883,222.879272,45.7637939],"annotation":"OBSTACLES","isRenderEnabled":false,"rotationMatrix":[0.000670083798,0.0119643221,0.999928236,0.999999762,0.000118406489,-0.000671548478,-0.000126432613,0.999928474,-0.0119642401],"scale":[0.632393658,0.632393658,0.632393658],"shapeName":"/levels/industrial/art/shapes/buildings/concrete_pillard.dae"}
{"class":"TSStatic","persistentId":"d47a4e03-eb71-4041-94df-30db956028a7","__parent":"container_land","position":[334.944427,206.944397,48.1607056],"annotation":"OBSTACLES","isRenderEnabled":false,"rotationMatrix":[0.893866241,0.448024273,-0.0166351814,0.00818100758,-0.0533978343,-0.998539388,-0.448258549,0.892424226,-0.0513959676],"scale":[0.711735904,0.711735904,0.711735904],"shapeName":"/levels/industrial/art/shapes/buildings/concrete_pillard.dae"}
{"class":"TSStatic","persistentId":"d6886ee7-62f9-47c2-885a-ab056a22f42d","__parent":"container_land","position":[331.022461,222.365875,44.6239395],"annotation":"OBSTACLES","isRenderEnabled":false,"rotationMatrix":[-0.000670959533,-0.00580903608,0.999982893,-0.999999762,-0.000122490455,-0.000671682472,0.000126390194,-0.999983132,-0.00580895273],"scale":[0.632393658,0.632393658,0.632393658],"shapeName":"/levels/industrial/art/shapes/buildings/concrete_pillard.dae"}
{"class":"TSStatic","persistentId":"e35fa83e-306a-4ceb-9b47-688e3a06ff27","__parent":"container_land","position":[275.340363,169.747604,39.3691368],"annotation":"OBSTACLES","isRenderEnabled":false,"rotationMatrix":[0.933731437,-0.35797441,0,0.35797441,0.933731437,0,0,0,1],"shapeName":"/levels/industrial/art/shapes/buildings/industrial_clutters/wood_stack_c.DAE","useInstanceRenderData":true}
{"class":"TSStatic","persistentId":"e58857e3-36af-432c-8cce-bd755082096d","__parent":"container_land","position":[366.810883,232.145844,40.3867264],"isRenderEnabled":false,"rotationMatrix":[0.999579728,0,0.0289869569,0,1,0,-0.0289869569,0,0.999579728],"shapeName":"/levels/industrial/art/shapes/buildings/debris/big_pile.DAE"}
{"class":"TSStatic","persistentId":"e6191efb-6320-4a59-8545-30d71be9023c","__parent":"container_land","position":[365.924438,233.482697,41.2234344],"isRenderEnabled":false,"rotationMatrix":[0.492922425,0.868631124,-0.0500593744,-0.821923912,0.445999026,-0.354296565,-0.285426676,0.215785712,0.933792114],"scale":[1.13677716,1.13677716,1.13677716],"shapeName":"/levels/industrial/art/shapes/buildings/debris/debris_b_b.DAE"}
{"class":"TSStatic","persistentId":"ec474a84-d25a-4bc2-8c93-291130c53c06","__parent":"container_land","position":[333.295166,142.018631,41.0022545],"decalType":"None","isRenderEnabled":false,"rotationMatrix":[0.238491595,-0.970878482,-0.0227222349,0.970579445,0.239085093,-0.0284948163,0.0330975465,-0.0152580608,0.999335766],"scale":[1.29999995,1.29999995,1.29999995],"shapeName":"/levels/industrial/art/shapes/buildings/debris/debris_a_b.DAE"}
{"class":"TSStatic","persistentId":"f1b757b7-527d-4106-a834-cb47e906d8e7","__parent":"container_land","position":[309.99234,230.782791,39.0804939],"annotation":"BUILDINGS","isRenderEnabled":false,"rotationMatrix":[0.99833113,0.0577051938,-0.00224426435,-0.0577488206,0.997576952,-0.0387976579,0,0.0388625152,0.999244571],"shapeName":"/levels/industrial/art/shapes/buildings/ind_bld_tin_01_shed_b_sideB.dae","useInstanceRenderData":true}
{"class":"TSStatic","persistentId":"f626de40-a9ef-41ab-b04d-5e8243c25118","__parent":"container_land","position":[334.948944,142.712799,40.7638893],"decalType":"None","isRenderEnabled":false,"rotationMatrix":[-0.68781507,0.725884736,-0.000932390802,-0.725886106,-0.687814116,0.00109567028,0.000154496287,0.00143016875,0.999999285],"scale":[1.29999995,1.29999995,1.29999995],"shapeName":"/levels/industrial/art/shapes/buildings/debris/debris_b_a.DAE"}
{"class":"TSStatic","persistentId":"f6bedf08-7bbf-4df4-8ff6-2e7e49e2a900","__parent":"container_land","position":[333.537628,222.943665,45.7637939],"annotation":"OBSTACLES","isRenderEnabled":false,"rotationMatrix":[0.000670083798,0.0119643221,0.999928236,0.999999762,0.000118406489,-0.000671548478,-0.000126432613,0.999928474,-0.0119642401],"scale":[0.632393658,0.632393658,0.632393658],"shapeName":"/levels/industrial/art/shapes/buildings/concrete_pillard.dae"}
{"class":"TSStatic","persistentId":"f9e3a089-7aff-4d11-b30d-45fbb951f845","__parent":"container_land","position":[364.90564,233.54303,40.8162689],"isRenderEnabled":false,"rotationMatrix":[1,0,0,0,-0.169024631,-0.985610485,0,0.985610485,-0.169024631],"shapeName":"/levels/industrial/art/shapes/buildings/debris/debris_b_brickwall.DAE"}
{"class":"TSStatic","persistentId":"fdc6fe68-ab6d-4cda-ace8-dbe5edc9693c","__parent":"container_land","position":[365.823883,231.679993,40.9322281],"isRenderEnabled":false,"rotationMatrix":[1,0,0,0,8.94069672e-08,-0.99999994,0,0.99999994,8.94069672e-08],"shapeName":"/levels/industrial/art/shapes/buildings/debris/debris_b_col_big.DAE"}
{"name":"containerland_containers_container","internalName":"containerland_containers_container","class":"Prefab","persistentId":"a2b6d165-eabe-487a-8553-41a6b57a8cb6","__parent":"container_land","annotation":"OBSTACLES","filename":"/levels/industrial/art/prefabs/containerland/containerland_containers_container.prefab.json"}
{"class":"DecalRoad","persistentId":"000dfd58-44ab-4d2f-9bf4-3d6faa319e72","__parent":"container_land","position":[380.26944,185.325821,42.8205986],"distanceFade":[150,50],"improvedSpline":true,"material":"dirt_tiretracks","nodes":[[380.26944,185.325821,42.8205986,3.79999995],[375.05423,189.861282,42.0659866,3.79999995],[367.639221,194.71312,39.7959213,3.79999995]],"renderPriority":3,"startEndFade":[5,5],"textureLength":16}
{"class":"DecalRoad","persistentId":"013b62b9-376d-4031-9753-692b51915916","__parent":"container_land","position":[331.052216,250.056549,40.0130959],"distanceFade":[150,50],"improvedSpline":true,"material":"dirt_road_gravels","nodes":[[331.052216,250.056549,40.0130959,4.0999999],[330.514282,259.026459,38.5112762,4.0999999],[334.064941,266.319763,39.1783638,4.0999999]],"renderPriority":2,"startEndFade":[2,2],"textureLength":8}
{"class":"DecalRoad","persistentId":"017a64b8-b71b-4aa8-ba72-45d064cd16f2","__parent":"container_land","position":[317.297485,166.946335,38.3989906],"distanceFade":[150,50],"improvedSpline":true,"material":"dirt_road_gravels","nodes":[[317.297485,166.946335,38.3989906,4],[308.594818,171.673859,38.7017326,4],[297.755005,178.253357,38.7488708,4],[288.566254,179.847946,38.332592,4],[280.570312,179.833344,38.7358093,4],[268.103363,182.980194,39.3068504,4]],"renderPriority":2,"startEndFade":[2,2],"textureLength":8}
{"class":"DecalRoad","persistentId":"01987678-ba31-43d0-a170-a01b24d67446","__parent":"container_land","position":[347.149902,270.109833,39.020195],"distanceFade":[150,50],"improvedSpline":true,"material":"dirt_road_flows","nodes":[[347.149902,270.109833,39.020195,3],[342.150726,266.418213,39.3469467,3],[336.899048,258.732971,38.6414032,3]],"overObjects":true,"renderPriority":1,"startEndFade":[2,2],"textureLength":12}
{"class":"DecalRoad","persistentId":"05806a21-0878-4b8e-a7e9-67ad89b6f61d","__parent":"container_land","position":[340.756653,111.491943,38.5372925],"distanceFade":[150,50],"improvedSpline":true,"material":"dirt_tiretracks","nodes":[[340.756653,111.491943,38.5372925,4],[353.605652,104.744019,38.3517723,4],[361.041809,111.800186,37.2442017,4],[359.397949,124.895294,37.5027008,4],[358.504425,150.903748,38.9692955,4]],"renderPriority":3,"startEndFade":[3,3],"textureLength":16}
{"class":"DecalRoad","persistentId":"0639c4a4-59eb-4b85-b86c-9b3bc5915560","__parent":"container_land","position":[316.843719,222.85437,47.186161],"distanceFade":[150,50],"improvedSpline":true,"material":"dirt_road_gravels","nodes":[[316.843719,222.85437,47.186161,2.20000005],[324.942963,222.803101,47.5824966,2.20000005]],"overObjects":true,"renderPriority":2,"startEndFade":[2,2],"textureLength":8}
{"class":"DecalRoad","persistentId":"0754134c-bbbe-477e-bed3-5b08aa874073","__parent":"container_land","position":[266.581665,241.971863,43.5836487],"distanceFade":[150,50],"improvedSpline":true,"material":"dirt_road_flows","nodes":[[266.581665,241.971863,43.5836487,2.5999999],[268.79184,241.665024,43.501545,2.5999999]],"overObjects":true,"renderPriority":1,"startEndFade":[0.5,0.5],"textureLength":12}
{"class":"DecalRoad","persistentId":"07bde31a-0f5b-4015-b1c1-d4a804d848a2","__parent":"container_land","position":[272.373871,240.379944,43.3355713],"distanceFade":[150,50],"improvedSpline":true,"material":"dirt_road_flows","nodes":[[272.373871,240.379944,43.3355713,2.0999999],[277.101318,239.895844,42.0955048,2.0999999]],"overObjects":true,"renderPriority":1,"startEndFade":[2,2],"textureLength":12}
{"class":"DecalRoad","persistentId":"0a659f29-bf21-4297-b575-d76136f027ab","__parent":"container_land","position":[338.198212,115.138893,38.5350075],"distanceFade":[150,50],"improvedSpline":true,"material":"dirt_road_flows","nodes":[[338.198212,115.138893,38.5350075,3],[334.227753,122.141571,38.8122787,3],[325.433136,130.497574,40.109623,3]],"renderPriority":1,"startEndFade":[2,2],"textureLength":12}
{"class":"DecalRoad","persistentId":"0ac95db2-441e-403d-ac81-663e07333ebd","__parent":"container_land","position":[361.642456,101.943855,38.7243042],"distanceFade":[150,50],"improvedSpline":true,"material":"dirt_tiretracks_02","nodes":[[361.642456,101.943855,38.7243042,4.0999999],[349.969727,103.120758,38.8460846,4.0999999],[339.912903,111.883652,38.6323929,4.0999999]],"renderPriority":2,"startEndFade":[5,5],"textureLength":16}
{"class":"DecalRoad","persistentId":"0e1c86dc-9d8b-4f69-879f-5d19baec4518","__parent":"container_land","position":[275.415466,260.190491,42.7816277],"distanceFade":[150,50],"improvedSpline":true,"material":"dirt_road_flows","nodes":[[275.415466,260.190491,42.7816277,4],[271.213806,252.63829,40.4063683,4]],"renderPriority":1,"startEndFade":[2,2],"textureLength":12}
{"class":"DecalRoad","persistentId":"0f1cea77-7738-4de8-9351-61350507f97d","__parent":"container_land","position":[335.355194,158.260193,40.1263618],"distanceFade":[150,50],"improvedSpline":true,"material":"dirt_road_gravels","nodes":[[335.355194,158.260193,40.1263618,4.0999999],[339.488159,166.212524,39.2365952,4.0999999],[339.467163,178.592926,39.2054787,4.0999999]],"overObjects":true,"renderPriority":2,"startEndFade":[2,2],"textureLength":8}
{"class":"DecalRoad","persistentId":"1243d898-43d8-42f7-b05d-cd7f0c8697d7","__parent":"container_land","position":[345.607727,240.057053,37.9111214],"distanceFade":[150,50],"improvedSpline":true,"material":"mud_tiretracks","nodes":[[345.607727,240.057053,37.9111214,4.0999999],[356.910553,235.237732,37.5515938,4.0999999]],"renderPriority":1,"startEndFade":[2,10],"textureLength":16}
{"class":"DecalRoad","persistentId":"12c21a43-6713-45f4-a999-f548d4d97bc6","__parent":"container_land","position":[336.836884,231.266617,42.7152443],"distanceFade":[150,50],"improvedSpline":true,"material":"dirt_road_gravels","nodes":[[336.836884,231.266617,42.7152443,3],[337.72702,224.914368,46.7139435,3]],"overObjects":true,"renderPriority":2,"startEndFade":[0.5,0.5],"textureLength":8}
{"class":"DecalRoad","persistentId":"13c74290-290d-4fb9-9aa5-88e808e738ed","__parent":"container_land","position":[329.614044,234.45166,43.0173187],"distanceFade":[150,50],"improvedSpline":true,"material":"dirt_road_gravels","nodes":[[329.614044,234.45166,43.0173187,2.20000005],[330.396545,226.095398,47.427063,2.20000005]],"overObjects":true,"renderPriority":2,"startEndFade":[2,2],"textureLength":8}
{"class":"DecalRoad","persistentId":"15ebd458-630b-4b9b-88cc-041ff3ab88a8","__parent":"container_land","position":[366.570129,229.480362,42.8559341],"distanceFade":[150,50],"improvedSpline":true,"material":"dirt_road_flows","nodes":[[366.570129,229.480362,42.8559341,2.0999999],[370.809906,224.538605,42.0461121,2.0999999]],"overObjects":true,"renderPriority":1,"startEndFade":[2,2],"textureLength":12}
{"class":"DecalRoad","persistentId":"1b9848d1-3a83-4c77-bc4c-daae1991e747","__parent":"container_land","position":[270.433655,205.642227,45.7827454],"distanceFade":[150,50],"improvedSpline":true,"material":"dirt_tiretracks","nodes":[[270.433655,205.642227,45.7827454,3.9000001],[253.087326,204.634659,39.4216652,3.9000001]],"renderPriority":3,"startEndFade":[3,3],"textureLength":16}
{"class":"DecalRoad","persistentId":"1cecf6dc-42c3-489c-9ba3-cdcfac671ca6","__parent":"container_land","position":[326.449036,135.729126,39.3201752],"distanceFade":[150,50],"improvedSpline":true,"material":"bank_erosion","nodes":[[326.449036,135.729126,39.3201752,4],[323.741577,128.264404,39.2038269,4],[327.795349,118.459694,37.9777832,4],[332.800934,108.964615,38.4432907,4],[340.605164,100.299881,38.4507141,4],[352.214478,95.8482437,38.3600121,4],[364.517365,96.6779404,39.1889114,4],[377.040863,101.62072,39.2240753,4],[387.68338,116.126785,38.7104759,4],[388.333832,128.036758,38.6484032,4],[387.873993,138.745453,38.9375229,4]],"renderPriority":2,"startEndFade":[4,4],"textureLength":28}
{"class":"DecalRoad","persistentId":"1cf90b49-0242-4977-a221-ba4dd7833453","__parent":"container_land","position":[309.396118,149.689697,39.7813225],"distanceFade":[150,50],"improvedSpline":true,"material":"dirt_tiretracks","nodes":[[309.396118,149.689697,39.7813225,3.9000001],[303.944519,154.809143,40.5843086,3.9000001],[289.537964,159.345551,41.23806,3.9000001]],"renderPriority":3,"startEndFade":[3,3],"textureLength":16}
{"class":"DecalRoad","persistentId":"1cfc218f-70cc-4504-b655-9743b1b63b21","__parent":"container_land","position":[278.750702,204.848282,40.4680824],"distanceFade":[150,50],"improvedSpline":true,"material":"Dirt_road_variation_02","nodes":[[278.750702,204.848282,40.4680824,7],[290.260345,204.19751,37.3427849,7]],"renderPriority":5,"startEndFade":[3,10],"textureLength":128}
{"class":"DecalRoad","persistentId":"1ee91615-37b4-42a4-abca-6f095d75e28f","__parent":"container_land","position":[265.075165,189.75621,40.5806465],"distanceFade":[150,50],"improvedSpline":true,"material":"Dirt_road_variation_02","nodes":[[265.075165,189.75621,40.5806465,7],[266.08783,172.984375,39.6538391,7]],"renderPriority":5,"startEndFade":[3,10],"textureLength":128}
{"class":"DecalRoad","persistentId":"1fefe094-c47c-40e2-ad44-fd0b01697c13","__parent":"container_land","position":[382.71817,140.368286,38.9314995],"distanceFade":[150,50],"improvedSpline":true,"material":"dirt_tiretracks_02","nodes":[[382.71817,140.368286,38.9314995,4.0999999],[383.772064,123.678757,38.5584908,4.0999999]],"renderPriority":2,"startEndFade":[5,5],"textureLength":16}
{"class":"DecalRoad","persistentId":"22097238-2390-48ad-959b-7b4f0e77f483","__parent":"container_land","position":[333.165039,129.814316,40.081562],"distanceFade":[150,50],"improvedSpline":true,"material":"dirt_road_flows","nodes":[[333.165039,129.814316,40.081562,4],[332.072815,136.689774,40.3351898,4]],"overObjects":true,"renderPriority":1,"startEndFade":[2,2],"textureLength":12}
{"class":"DecalRoad","persistentId":"22374ea3-3152-4743-ab9b-b822836c26ba","__parent":"container_land","position":[371.58548,191.633911,41.0054245],"distanceFade":[150,50],"improvedSpline":true,"material":"dirt_tiretracks","nodes":[[371.58548,191.633911,41.0054245,3.9000001],[359.038605,192.780106,38.4727211,3.9000001],[348.290619,190.95343,38.606678,3.9000001]],"renderPriority":3,"startEndFade":[3,3],"textureLength":16}
{"class":"DecalRoad","persistentId":"23d03903-0342-4a98-b746-ab34e69be389","__parent":"container_land","position":[290.692291,244.537613,37.3231125],"distanceFade":[150,50],"improvedSpline":true,"material":"mud_furrows","nodes":[[290.692291,244.537613,37.3231125,4],[295.025696,257.98584,37.5654869,4],[300.870209,265.270782,38.2014656,4]],"renderPriority":3,"startEndFade":[4,4],"textureLength":12}
{"class":"DecalRoad","persistentId":"24796ce9-dac6-4aa5-9fd6-78f7195af70b","__parent":"container_land","position":[320.104614,134.420502,39.7107887],"distanceFade":[150,50],"improvedSpline":true,"material":"dirt_road_flows","nodes":[[320.104614,134.420502,39.7107887,2.5999999],[316.513977,138.590866,39.7107849,2.5999999]],"overObjects":true,"renderPriority":1,"startEndFade":[2,2],"textureLength":12}
{"class":"DecalRoad","persistentId":"24b39067-b21f-45e9-8982-547516691f2c","__parent":"container_land","position":[301.100861,254.445175,39.3834648],"distanceFade":[150,50],"improvedSpline":true,"material":"dirt_road_gravels","nodes":[[301.100861,254.445175,39.3834648,4.0999999],[301.628235,262.993073,38.0737686,4.0999999]],"renderPriority":2,"startEndFade":[2,2],"textureLength":8}
{"class":"DecalRoad","persistentId":"2674ca6b-07f7-4e3b-8d74-3aa26c512ee0","__parent":"container_land","position":[261.637695,206.417755,43.2690735],"distanceFade":[150,50],"improvedSpline":true,"material":"dirt_road_flows","nodes":[[261.637695,206.417755,43.2690735,3],[271.023071,206.88031,45.9010048,3]],"overObjects":true,"renderPriority":1,"startEndFade":[2,2],"textureLength":12}
{"class":"DecalRoad","persistentId":"26785f3a-d26e-40dc-a172-9a7710d60ac6","__parent":"container_land","position":[332.918701,204.50029,49.9710159],"distanceFade":[150,50],"improvedSpline":true,"material":"dirt_road_flows","nodes":[[332.918701,204.50029,49.9710159,2.0999999],[333.089661,208.255859,50.2658195,2.0999999],[331.581573,215.515701,48.2902756,2.0999999]],"overObjects":true,"renderPriority":1,"startEndFade":[2,2],"textureLength":12}
{"class":"DecalRoad","persistentId":"27610400-8e24-4360-904e-7c6ee3773883","__parent":"container_land","position":[343.431396,203.078766,48.3289566],"distanceFade":[150,50],"improvedSpline":true,"material":"dirt_road_flows","nodes":[[343.431396,203.078766,48.3289566,2.0999999],[337.519104,203.078033,49.2518387,2.0999999]],"overObjects":true,"renderPriority":1,"startEndFade":[1,2],"textureLength":12}
{"class":"DecalRoad","persistentId":"276e8b63-efe3-48a2-8c7c-3bd68e3c3712","__parent":"container_land","position":[288.982788,202.735504,37.3475685],"distanceFade":[150,50],"improvedSpline":true,"material":"mud_furrows","nodes":[[288.982788,202.735504,37.3475685,4],[290.38855,195.747208,37.6509552,4],[295.290039,190.957062,38.1778641,4]],"renderPriority":3,"startEndFade":[4,4],"textureLength":12}
