{"name":"obstacles_group","class":"SimGroup","persistentId":"f3d19d87-761f-4fab-a491-76e2c2fb976d","groupPosition":"0 0 0"}
{"class":"TSStatic","persistentId":"0199c293-9d8d-4562-a73c-66875e7e4b53","__parent":"obstacles_group","position":[-365.514465,600.207092,75.227356],"isRenderEnabled":false,"rotationMatrix":[-0.738507986,0.67392236,0.0208386146,-0.674134552,-0.738592744,-0.00477827853,0.0121710664,-0.0175768305,0.999771416],"shapeName":"/art/shapes/race/s_concrete_race_barrier.dae"}
{"class":"TSStatic","persistentId":"0545640a-0f5f-4823-b6ff-9da34848781c","__parent":"obstacles_group","position":[-822.034729,7.79384518,117.524742],"isRenderEnabled":false,"rotationMatrix":[-0.6957196,0.718163669,0.0146657918,-0.717029274,-0.695551395,0.0455774553,0.0429328829,0.0211933292,0.998853147],"shapeName":"/art/shapes/race/s_concrete_race_barrier.dae"}
{"class":"TSStatic","persistentId":"09c38b13-5711-4a0a-b862-7f1402106e2a","__parent":"obstacles_group","position":[-348.543915,206.699722,104.77494],"isRenderEnabled":false,"rotationMatrix":[-0.88442421,0.464235902,0.0477323011,-0.466682434,-0.879986286,-0.088493377,0.000921977684,-0.100541532,0.994932413],"shapeName":"/art/shapes/race/s_concrete_race_barrier.dae"}
{"class":"TSStatic","persistentId":"113221c8-8a7d-468d-8cef-0922434d867d","__parent":"obstacles_group","position":[-815.609741,1.16155767,117.389297],"isRenderEnabled":false,"rotationMatrix":[-0.6957196,0.718163669,0.0146657918,-0.717029274,-0.695551395,0.0455774553,0.0429328829,0.0211933292,0.998853147],"shapeName":"/art/shapes/race/s_concrete_race_barrier.dae"}
{"class":"TSStatic","persistentId":"1c61d406-0455-4e37-8b97-65de3cbba1e4","__parent":"obstacles_group","position":[-166.663666,482.41156,74.9402542],"isRenderEnabled":false,"rotationMatrix":[0.927549362,-0.373700649,0,0.373700649,0.927549362,0,0,0,1],"shapeName":"/art/shapes/race/s_concrete_race_barrier.dae"}
{"class":"TSStatic","persistentId":"1f3d14ec-0280-4340-b95f-63d2f5933648","__parent":"obstacles_group","position":[-621.064148,260.830444,113.157845],"isRenderEnabled":false,"rotationMatrix":[-0.738538027,0.67414552,-0.00943507627,-0.674134552,-0.738592863,-0.00477827713,-0.0101899356,0.00283157127,0.999944091],"shapeName":"/art/shapes/race/s_concrete_race_barrier.dae"}
{"class":"TSStatic","persistentId":"25d35efd-a68b-46a8-bb1c-fcac2b904f0e","__parent":"obstacles_group","position":[-223.071075,342.457581,101.641785],"isRenderEnabled":false,"rotationMatrix":[0.934686661,-0.355472684,0,0.355472684,0.934686661,0,0,0,1],"shapeName":"/art/shapes/race/s_concrete_race_barrier.dae"}
{"class":"TSStatic","persistentId":"2742a1c0-e215-4fc1-bbe1-4a7d4f3b254d","__parent":"obstacles_group","position":[-23.2802448,389.778412,101.188927],"isRenderEnabled":false,"rotationMatrix":[0.781983256,0.62329942,0,-0.62329942,0.781983256,0,0,0,1],"shapeName":"/art/shapes/race/s_concrete_race_barrier.dae"}
{"class":"TSStatic","persistentId":"30a2dd96-94b0-4b11-b1bd-260ace6cdbbf","__parent":"obstacles_group","position":[-169.647034,483.613525,74.9402542],"isRenderEnabled":false,"rotationMatrix":[0.927549362,-0.373700649,0,0.373700649,0.927549362,0,0,0,1],"shapeName":"/art/shapes/race/s_concrete_race_barrier.dae"}
{"class":"TSStatic","persistentId":"355db413-9892-4d55-80f3-84299d52ef0b","__parent":"obstacles_group","position":[-7.6138792,432.888885,101.520683],"isRenderEnabled":false,"rotationMatrix":[-0.569158316,0.82194984,0.021379428,-0.822137713,-0.569288373,6.51925802e-09,0.0121710692,-0.0175768323,0.999771416],"shapeName":"/art/shapes/race/s_concrete_race_barrier.dae"}
{"class":"TSStatic","persistentId":"359370c1-88e7-4805-973e-9595f60f7ad1","__parent":"obstacles_group","position":[-9.36917114,435.423798,101.567978],"isRenderEnabled":false,"rotationMatrix":[-0.569077969,0.821833372,0.0272133909,-0.822137833,-0.56928885,2.79396772e-09,0.0154922754,-0.0223731548,0.999629676],"shapeName":"/art/shapes/race/s_concrete_race_barrier.dae"}
{"class":"TSStatic","persistentId":"364726ba-2344-4258-aa46-b7a53a9272fd","__parent":"obstacles_group","position":[-5.8482399,430.33902,101.454361],"isRenderEnabled":false,"rotationMatrix":[-0.569158316,0.82194984,0.021379428,-0.822137713,-0.569288373,6.51925802e-09,0.0121710692,-0.0175768323,0.999771416],"shapeName":"/art/shapes/race/s_concrete_race_barrier.dae"}
{"class":"TSStatic","persistentId":"3b7cc925-ebc4-458f-ab1e-17d85831222c","__parent":"obstacles_group","position":[-756.000366,-56.1879272,102.24295],"isRenderEnabled":false,"rotationMatrix":[-0.6957196,0.718163669,0.0146657918,-0.717029274,-0.695551395,0.0455774553,0.0429328829,0.0211933292,0.998853147],"shapeName":"/art/shapes/race/s_concrete_race_barrier.dae"}
{"class":"TSStatic","persistentId":"41543435-9452-4d32-aff1-017a40b829a0","__parent":"obstacles_group","position":[-160.826614,480.059845,74.9402542],"isRenderEnabled":false,"rotationMatrix":[0.927549362,-0.373700649,0,0.373700649,0.927549362,0,0,0,1],"shapeName":"/art/shapes/race/s_concrete_race_barrier.dae"}
{"class":"TSStatic","persistentId":"420e0d68-cbbe-446e-a5da-6b56b78cf1b2","__parent":"obstacles_group","position":[-368.35733,164.4319,101.527794],"isRenderEnabled":false,"rotationMatrix":[0.577239513,0.815134764,0.0484737605,-0.81473875,0.57890451,-0.0327149332,-0.0547287613,-0.0206091013,0.998288572],"shapeName":"/art/shapes/race/s_concrete_race_barrier.dae"}
{"class":"TSStatic","persistentId":"46bdeef1-215b-49e7-b022-7c688da13f27","__parent":"obstacles_group","position":[-471.811127,94.6535339,99.6558228],"isRenderEnabled":false,"rotationMatrix":[-0.958038449,0.28447789,0.0351426192,-0.283406854,-0.958448529,0.0325174853,0.0429328866,0.0211933367,0.998853147],"shapeName":"/art/shapes/race/s_concrete_race_barrier.dae"}
{"class":"TSStatic","persistentId":"4c8f9100-067f-4126-aacf-e8cdd0f18b8c","__parent":"obstacles_group","position":[-351.263702,208.15004,104.696091],"isRenderEnabled":false,"rotationMatrix":[-0.880896568,0.471416533,-0.0422756188,-0.466682494,-0.879986286,-0.0884933844,-0.0789192319,-0.0582242385,0.995179236],"shapeName":"/art/shapes/race/s_concrete_race_barrier.dae"}
{"class":"TSStatic","persistentId":"4f2358cf-978a-482a-8a22-711b9d9d1228","__parent":"obstacles_group","position":[-2.37487698,425.322998,101.323891],"isRenderEnabled":false,"rotationMatrix":[-0.569158316,0.82194984,0.021379428,-0.822137713,-0.569288373,6.51925802e-09,0.0121710692,-0.0175768323,0.999771416],"shapeName":"/art/shapes/race/s_concrete_race_barrier.dae"}
{"class":"TSStatic","persistentId":"50cfba1f-7ad1-4691-99af-261bcd9e5eeb","__parent":"obstacles_group","position":[-157.686386,478.794678,74.9402542],"isRenderEnabled":false,"rotationMatrix":[0.927549362,-0.373700649,0,0.373700649,0.927549362,0,0,0,1],"shapeName":"/art/shapes/race/s_concrete_race_barrier.dae"}
{"class":"TSStatic","persistentId":"5136153c-d19f-4e62-8787-67ef5ae97878","__parent":"obstacles_group","position":[-217.264023,340.249054,101.641785],"isRenderEnabled":false,"rotationMatrix":[0.934686661,-0.355472684,0,0.355472684,0.934686661,0,0,0,1],"shapeName":"/art/shapes/race/s_concrete_race_barrier.dae"}
{"class":"TSStatic","persistentId":"53a9ef51-6164-4da7-a891-dd34f76ff79d","__parent":"obstacles_group","position":[-372.008209,159.276382,101.221207],"isRenderEnabled":false,"rotationMatrix":[0.577239513,0.815134764,0.0484737605,-0.81473875,0.57890451,-0.0327149332,-0.0547287613,-0.0206091013,0.998288572],"shapeName":"/art/shapes/race/s_concrete_race_barrier.dae"}
{"class":"TSStatic","persistentId":"569f0e1b-e091-4069-8e1f-ee19f407985f","__parent":"obstacles_group","position":[-13.3852634,479.31427,74.6915894],"isRenderEnabled":false,"rotationMatrix":[0.715768456,0.698328674,0.00356355356,-0.698231637,0.71556145,0.0210803486,0.0121710692,-0.017576836,0.999771416],"shapeName":"/art/shapes/race/s_concrete_race_barrier.dae"}
{"class":"TSStatic","persistentId":"597da81b-c980-458e-bf54-481fcd439a2b","__parent":"obstacles_group","position":[-20.7701626,391.779144,101.188927],"isRenderEnabled":false,"rotationMatrix":[0.781983256,0.62329942,0,-0.62329942,0.781983256,0,0,0,1],"shapeName":"/art/shapes/race/s_concrete_race_barrier.dae"}
{"class":"TSStatic","persistentId":"5e3fcb65-c17a-4d25-b008-3dfea6153499","__parent":"obstacles_group","position":[-462.97818,92.0392456,99.5839005],"isRenderEnabled":false,"rotationMatrix":[-0.958038449,0.28447789,0.0351426192,-0.283406854,-0.958448529,0.0325174853,0.0429328866,0.0211933367,0.998853147],"shapeName":"/art/shapes/race/s_concrete_race_barrier.dae"}
{"class":"TSStatic","persistentId":"5ebee61f-ed72-450f-8e38-44cde2adfe0f","__parent":"obstacles_group","position":[-377.090424,610.772583,75.262146],"isRenderEnabled":false,"rotationMatrix":[-0.738538027,0.67414552,-0.00943507627,-0.674134552,-0.738592863,-0.00477827713,-0.0101899356,0.00283157127,0.999944091],"shapeName":"/art/shapes/race/s_concrete_race_barrier.dae"}
{"class":"TSStatic","persistentId":"68031ac1-6255-41b3-84dd-358a1b450f04","__parent":"obstacles_group","position":[-459.977142,91.1529617,99.6165237],"isRenderEnabled":false,"rotationMatrix":[-0.958038449,0.28447789,0.0351426192,-0.283406854,-0.958448529,0.0325174853,0.0429328866,0.0211933367,0.998853147],"shapeName":"/art/shapes/race/s_concrete_race_barrier.dae"}
{"class":"TSStatic","persistentId":"69db0e31-6006-479d-b1b6-ecaa679132f5","__parent":"obstacles_group","position":[-163.756683,481.240356,74.9402542],"isRenderEnabled":false,"rotationMatrix":[0.927549362,-0.373700649,0,0.373700649,0.927549362,0,0,0,1],"shapeName":"/art/shapes/race/s_concrete_race_barrier.dae"}
{"class":"TSStatic","persistentId":"6f5b8367-5f60-4f5d-9b28-65df1b5f5e7e","__parent":"obstacles_group","position":[-367.842621,602.332703,75.1318283],"isRenderEnabled":false,"rotationMatrix":[-0.738538027,0.67414552,-0.00943507627,-0.674134552,-0.738592863,-0.00477827713,-0.0101899356,0.00283157127,0.999944091],"shapeName":"/art/shapes/race/s_concrete_race_barrier.dae"}
{"class":"TSStatic","persistentId":"75a737fd-c39b-48a5-82df-0450c57b4790","__parent":"obstacles_group","position":[-468.852692,93.7835999,99.7993851],"isRenderEnabled":false,"rotationMatrix":[-0.958038449,0.28447789,0.0351426192,-0.283406854,-0.958448529,0.0325174853,0.0429328866,0.0211933367,0.998853147],"shapeName":"/art/shapes/race/s_concrete_race_barrier.dae"}
{"class":"TSStatic","persistentId":"78c3c9f2-909a-432d-9446-f9991d525b48","__parent":"obstacles_group","position":[-819.880249,5.56987333,117.479324],"isRenderEnabled":false,"rotationMatrix":[-0.6957196,0.718163669,0.0146657918,-0.717029274,-0.695551395,0.0455774553,0.0429328829,0.0211933292,0.998853147],"shapeName":"/art/shapes/race/s_concrete_race_barrier.dae"}
{"class":"TSStatic","persistentId":"7cec95e5-21d6-4bb7-a8f5-21abf4148d87","__parent":"obstacles_group","position":[-601.207642,-19.6548824,99.1884537],"isRenderEnabled":false,"rotationMatrix":[-0.718321919,-0.695555985,0.0146657778,0.695388019,-0.717187405,0.045577459,-0.0211835671,0.0429377034,0.998853147],"shapeName":"/art/shapes/race/s_concrete_race_barrier.dae"}
{"class":"TSStatic","persistentId":"80a80de6-5a7b-4ea4-a5a9-c4fa5f8e5428","__parent":"obstacles_group","position":[-345.663757,205.171478,104.782997],"isRenderEnabled":false,"rotationMatrix":[-0.880739212,0.471531063,-0.0442468226,-0.466682583,-0.879987001,-0.0884933993,-0.0806639865,-0.0572903529,0.995093524],"shapeName":"/art/shapes/race/s_concrete_race_barrier.dae"}
{"class":"TSStatic","persistentId":"81ac3b7d-875c-43aa-ab4a-df6943920ca3","__parent":"obstacles_group","position":[-11.1488934,437.993988,101.726982],"isRenderEnabled":false,"rotationMatrix":[-0.567859888,0.820074499,0.0708026886,-0.822137773,-0.569288611,3.7252903e-09,0.0403071642,-0.0582095645,0.997490346],"shapeName":"/art/shapes/race/s_concrete_race_barrier.dae"}
{"class":"TSStatic","persistentId":"8c560b21-dc05-41f5-9cd9-3b936797bbb5","__parent":"obstacles_group","position":[-465.903931,92.9080048,99.6912231],"isRenderEnabled":false,"rotationMatrix":[-0.958038449,0.28447789,0.0351426192,-0.283406854,-0.958448529,0.0325174853,0.0429328866,0.0211933367,0.998853147],"shapeName":"/art/shapes/race/s_concrete_race_barrier.dae"}
{"class":"TSStatic","persistentId":"8db7e772-bbc4-47c9-86f3-459ab2884423","__parent":"obstacles_group","position":[-450.329926,87.0594635,99.3966522],"isRenderEnabled":false,"rotationMatrix":[-0.958038449,0.28447789,0.0351426192,-0.283406854,-0.958448529,0.0325174853,0.0429328866,0.0211933367,0.998853147],"shapeName":"/art/shapes/race/s_concrete_race_barrier.dae"}
{"class":"TSStatic","persistentId":"8ee99fe9-9760-426f-af94-27e9606594df","__parent":"obstacles_group","position":[-370.158386,604.446533,75.1022415],"isRenderEnabled":false,"rotationMatrix":[-0.738538027,0.67414552,-0.00943507627,-0.674134552,-0.738592863,-0.00477827713,-0.0101899356,0.00283157127,0.999944091],"shapeName":"/art/shapes/race/s_concrete_race_barrier.dae"}
{"class":"TSStatic","persistentId":"8fb5a2ea-df4d-424b-a56e-8899d341385c","__parent":"obstacles_group","position":[-15.6045027,395.896576,101.188927],"isRenderEnabled":false,"rotationMatrix":[0.781983256,0.62329942,0,-0.62329942,0.781983256,0,0,0,1],"shapeName":"/art/shapes/race/s_concrete_race_barrier.dae"}
{"class":"TSStatic","persistentId":"9a658130-e5c9-48d2-b9c0-13b2bfcbd35d","__parent":"obstacles_group","position":[-751.490295,-60.7720642,102.146362],"isRenderEnabled":false,"rotationMatrix":[-0.6957196,0.718163669,0.0146657918,-0.717029274,-0.695551395,0.0455774553,0.0429328829,0.0211933292,0.998853147],"shapeName":"/art/shapes/race/s_concrete_race_barrier.dae"}
{"class":"TSStatic","persistentId":"9cc66d59-c59b-464d-91ee-7d994f67556a","__parent":"obstacles_group","position":[-11.1267471,481.517761,74.7028275],"isRenderEnabled":false,"rotationMatrix":[0.715768456,0.698328674,0.00356355356,-0.698231637,0.71556145,0.0210803486,0.0121710692,-0.017576836,0.999771416],"shapeName":"/art/shapes/race/s_concrete_race_barrier.dae"}
{"class":"TSStatic","persistentId":"9f144e36-3f6a-4c56-97c8-b2ee7e93386c","__parent":"obstacles_group","position":[-372.517853,606.60022,75.0721054],"isRenderEnabled":false,"rotationMatrix":[-0.738538027,0.67414552,-0.00943507627,-0.674134552,-0.738592863,-0.00477827713,-0.0101899356,0.00283157127,0.999944091],"shapeName":"/art/shapes/race/s_concrete_race_barrier.dae"}
{"class":"TSStatic","persistentId":"a48e5d77-3df0-47f9-8876-ab51a5e12d5d","__parent":"obstacles_group","position":[-8.87534714,483.714294,74.714035],"isRenderEnabled":false,"rotationMatrix":[0.715768456,0.698328674,0.00356355356,-0.698231637,0.71556145,0.0210803486,0.0121710692,-0.017576836,0.999771416],"shapeName":"/art/shapes/race/s_concrete_race_barrier.dae"}
{"class":"TSStatic","persistentId":"a594cb13-aba7-46eb-93df-adae246a1489","__parent":"obstacles_group","position":[-451.036774,88.5018768,99.3964233],"isRenderEnabled":false,"rotationMatrix":[-0.958038449,0.28447789,0.0351426192,-0.283406854,-0.958448529,0.0325174853,0.0429328866,0.0211933367,0.998853147],"shapeName":"/art/shapes/race/s_concrete_race_barrier.dae"}
{"class":"TSStatic","persistentId":"aab58a4d-bbe7-477a-a553-59009240d7a1","__parent":"obstacles_group","position":[-373.903503,156.599976,101.06205],"isRenderEnabled":false,"rotationMatrix":[0.577239513,0.815134764,0.0484737605,-0.81473875,0.57890451,-0.0327149332,-0.0547287613,-0.0206091013,0.998288572],"shapeName":"/art/shapes/race/s_concrete_race_barrier.dae"}
{"class":"TSStatic","persistentId":"b2303dac-5f53-4697-b3cb-75caede73bd4","__parent":"obstacles_group","position":[-749.267334,-63.1174164,102.100571],"isRenderEnabled":false,"rotationMatrix":[-0.6957196,0.718163669,0.0146657918,-0.717029274,-0.695551395,0.0455774553,0.0429328829,0.0211933292,0.998853147],"shapeName":"/art/shapes/race/s_concrete_race_barrier.dae"}
{"class":"TSStatic","persistentId":"b23f530a-c6ff-4496-be8d-6bfccd12be1f","__parent":"obstacles_group","position":[-226.027618,343.582001,101.641785],"isRenderEnabled":false,"rotationMatrix":[0.934686661,-0.355472684,0,0.355472684,0.934686661,0,0,0,1],"shapeName":"/art/shapes/race/s_concrete_race_barrier.dae"}
{"class":"TSStatic","persistentId":"b4d849c7-787d-4f6f-9214-04aa615f71ca","__parent":"obstacles_group","position":[46.316761,543.54126,74.3308258],"isRenderEnabled":false,"rotationMatrix":[-0.571471334,0.820343316,0.0213793442,-0.820531547,-0.571600914,-6.02053478e-05,0.0121710673,-0.0175768323,0.999771416],"shapeName":"/art/shapes/race/s_concrete_race_barrier.dae"}
{"class":"TSStatic","persistentId":"ba5ddf03-8593-4ebe-8c8f-ca554d299d62","__parent":"obstacles_group","position":[-456.983826,90.2643814,99.5139465],"isRenderEnabled":false,"rotationMatrix":[-0.958038449,0.28447789,0.0351426192,-0.283406854,-0.958448529,0.0325174853,0.0429328866,0.0211933367,0.998853147],"shapeName":"/art/shapes/race/s_concrete_race_barrier.dae"}
{"class":"TSStatic","persistentId":"bd01eaeb-671a-49b0-ab0d-38100e0b3e95","__parent":"obstacles_group","position":[-25.8324337,387.74411,101.188927],"isRenderEnabled":false,"rotationMatrix":[0.781983256,0.62329942,0,-0.62329942,0.781983256,0,0,0,1],"shapeName":"/art/shapes/race/s_concrete_race_barrier.dae"}
{"class":"TSStatic","persistentId":"bd7af1b2-8fa1-4e3b-b858-0ffb9eb619c2","__parent":"obstacles_group","position":[42.5467911,548.953064,74.4718781],"isRenderEnabled":false,"rotationMatrix":[-0.571471334,0.820343316,0.0213793442,-0.820531547,-0.571600914,-6.02053478e-05,0.0121710673,-0.0175768323,0.999771416],"shapeName":"/art/shapes/race/s_concrete_race_barrier.dae"}
{"class":"TSStatic","persistentId":"bf6880eb-693e-4e51-9244-5d8b4318e3d7","__parent":"obstacles_group","position":[-18.2466354,393.790588,101.188927],"isRenderEnabled":false,"rotationMatrix":[0.781983256,0.62329942,0,-0.62329942,0.781983256,0,0,0,1],"shapeName":"/art/shapes/race/s_concrete_race_barrier.dae"}
{"class":"TSStatic","persistentId":"c083108d-b5b8-4219-976e-ca4eba4d74f5","__parent":"obstacles_group","position":[-603.071228,-22.0823174,99.1884537],"isRenderEnabled":false,"rotationMatrix":[-0.492558718,-0.870155931,0.0146657908,0.869674325,-0.491517901,0.045577459,-0.0324510001,0.0352040231,0.998853147],"shapeName":"/art/shapes/race/s_concrete_race_barrier.dae"}
{"class":"TSStatic","persistentId":"c18aa90b-3c7a-407b-b4d1-82743faebbf4","__parent":"obstacles_group","position":[-4.10480452,427.821259,101.38887],"isRenderEnabled":false,"rotationMatrix":[-0.569158316,0.82194984,0.021379428,-0.822137713,-0.569288373,6.51925802e-09,0.0121710692,-0.0175768323,0.999771416],"shapeName":"/art/shapes/race/s_concrete_race_barrier.dae"}
{"class":"TSStatic","persistentId":"c3a49366-dee7-44c0-b9e7-17175b005c85","__parent":"obstacles_group","position":[40.6458893,551.681824,74.5429916],"isRenderEnabled":false,"rotationMatrix":[-0.571471334,0.820343316,0.0213793442,-0.820531547,-0.571600914,-6.02053478e-05,0.0121710673,-0.0175768323,0.999771416],"shapeName":"/art/shapes/race/s_concrete_race_barrier.dae"}
{"class":"TSStatic","persistentId":"c73b1733-6a8f-47c6-b40f-ee0ca0b89e99","__parent":"obstacles_group","position":[-366.577667,166.945007,101.677246],"isRenderEnabled":false,"rotationMatrix":[0.577239513,0.815134764,0.0484737605,-0.81473875,0.57890451,-0.0327149332,-0.0547287613,-0.0206091013,0.998288572],"shapeName":"/art/shapes/race/s_concrete_race_barrier.dae"}
{"class":"TSStatic","persistentId":"ccf46aa7-2d4e-45f9-9e16-f849638c8cc5","__parent":"obstacles_group","position":[-370.171631,161.869858,101.375435],"isRenderEnabled":false,"rotationMatrix":[0.577239513,0.815134764,0.0484737605,-0.81473875,0.57890451,-0.0327149332,-0.0547287613,-0.0206091013,0.998288572],"shapeName":"/art/shapes/race/s_concrete_race_barrier.dae"}
{"class":"TSStatic","persistentId":"cd9ba0b0-3ba7-4f89-8377-491b4aeda632","__parent":"obstacles_group","position":[-598.802551,-17.8125515,99.1884537],"isRenderEnabled":false,"rotationMatrix":[-0.871215224,-0.49068287,0.0146657834,0.49080804,-0.870075226,0.0455774777,-0.00960375462,0.0469058566,0.998853147],"shapeName":"/art/shapes/race/s_concrete_race_barrier.dae"}
{"class":"TSStatic","persistentId":"cff06422-9076-4857-a661-76700528b630","__parent":"obstacles_group","position":[-480.866547,97.3431473,100.009193],"isRenderEnabled":false,"rotationMatrix":[-0.958038449,0.28447789,0.0351426192,-0.283406854,-0.958448529,0.0325174853,0.0429328866,0.0211933367,0.998853147],"shapeName":"/art/shapes/race/s_concrete_race_barrier.dae"}
{"class":"TSStatic","persistentId":"d14b38b4-374a-4717-a104-a2de6cb619ce","__parent":"obstacles_group","position":[-474.759216,95.528038,99.7373505],"isRenderEnabled":false,"rotationMatrix":[-0.958038449,0.28447789,0.0351426192,-0.283406854,-0.958448529,0.0325174853,0.0429328866,0.0211933367,0.998853147],"shapeName":"/art/shapes/race/s_concrete_race_barrier.dae"}
{"class":"TSStatic","persistentId":"d5b6f75a-26a8-4ad4-bce4-4898ec89d441","__parent":"obstacles_group","position":[-753.752686,-58.5035553,102.195473],"isRenderEnabled":false,"rotationMatrix":[-0.6957196,0.718163669,0.0146657918,-0.717029274,-0.695551395,0.0455774553,0.0429328829,0.0211933292,0.998853147],"shapeName":"/art/shapes/race/s_concrete_race_barrier.dae"}
{"class":"TSStatic","persistentId":"d7760450-15c6-4249-93cc-e827e1ef21f0","__parent":"obstacles_group","position":[-220.168411,341.353638,101.641785],"isRenderEnabled":false,"rotationMatrix":[0.934686661,-0.355472684,0,0.355472684,0.934686661,0,0,0,1],"shapeName":"/art/shapes/race/s_concrete_race_barrier.dae"}
{"class":"TSStatic","persistentId":"da927eda-7879-4013-b497-db02b742dbb7","__parent":"obstacles_group","position":[-477.765991,96.4207764,99.8451157],"isRenderEnabled":false,"rotationMatrix":[-0.958038449,0.28447789,0.0351426192,-0.283406854,-0.958448529,0.0325174853,0.0429328866,0.0211933367,0.998853147],"shapeName":"/art/shapes/race/s_concrete_race_barrier.dae"}
{"class":"TSStatic","persistentId":"db5f4388-3bd3-4915-8697-7b4805a326fc","__parent":"obstacles_group","position":[-453.990417,89.3762131,99.4246216],"isRenderEnabled":false,"rotationMatrix":[-0.958038449,0.28447789,0.0351426192,-0.283406854,-0.958448529,0.0325174853,0.0429328866,0.0211933367,0.998853147],"shapeName":"/art/shapes/race/s_concrete_race_barrier.dae"}
{"class":"TSStatic","persistentId":"dc831127-686b-4bd6-b73f-674338e4b81e","__parent":"obstacles_group","position":[-817.739319,3.35982895,117.434189],"isRenderEnabled":false,"rotationMatrix":[-0.6957196,0.718163669,0.0146657918,-0.717029274,-0.695551395,0.0455774553,0.0429328829,0.0211933292,0.998853147],"shapeName":"/art/shapes/race/s_concrete_race_barrier.dae"}
{"class":"TSStatic","persistentId":"dcc2609c-d502-48d9-87ea-f43c5b807501","__parent":"obstacles_group","position":[44.4020996,546.289673,74.4024582],"isRenderEnabled":false,"rotationMatrix":[-0.571471334,0.820343316,0.0213793442,-0.820531547,-0.571600914,-6.02053478e-05,0.0121710673,-0.0175768323,0.999771416],"shapeName":"/art/shapes/race/s_concrete_race_barrier.dae"}
{"class":"TSStatic","persistentId":"de1a32fb-bbb5-4e26-ab92-0ab471e605b8","__parent":"obstacles_group","position":[-6.64935207,485.886078,74.7251129],"isRenderEnabled":false,"rotationMatrix":[0.715768456,0.698328674,0.00356355356,-0.698231637,0.71556145,0.0210803486,0.0121710692,-0.017576836,0.999771416],"shapeName":"/art/shapes/race/s_concrete_race_barrier.dae"}
{"class":"TSStatic","persistentId":"df9792e0-f6f9-49c3-93b4-1187440f2e74","__parent":"obstacles_group","position":[-354.034241,209.633804,104.552269],"isRenderEnabled":false,"rotationMatrix":[-0.880618572,0.471614927,-0.0457143486,-0.466682464,-0.879986405,-0.0884933844,-0.0819628239,-0.0565948561,0.995027184],"shapeName":"/art/shapes/race/s_concrete_race_barrier.dae"}
{"class":"TSStatic","persistentId":"eb8f60f8-f700-4c37-b35b-faa913a89f7e","__parent":"obstacles_group","position":[-364.78949,169.470154,101.827408],"isRenderEnabled":false,"rotationMatrix":[0.577239513,0.815134764,0.0484737605,-0.81473875,0.57890451,-0.0327149332,-0.0547287613,-0.0206091013,0.998288572],"shapeName":"/art/shapes/race/s_concrete_race_barrier.dae"}
{"class":"TSStatic","persistentId":"ed6211d9-2cb5-4d95-8421-444e81a4d69c","__parent":"obstacles_group","position":[1.13058102,420.26059,101.192215],"isRenderEnabled":false,"rotationMatrix":[-0.569158316,0.82194984,0.021379428,-0.822137713,-0.569288373,6.51925802e-09,0.0121710692,-0.0175768323,0.999771416],"shapeName":"/art/shapes/race/s_concrete_race_barrier.dae"}
{"class":"TSStatic","persistentId":"f29cb493-9503-4df6-8391-47da3cd89080","__parent":"obstacles_group","position":[-374.834717,608.715088,75.0425034],"isRenderEnabled":false,"rotationMatrix":[-0.738538027,0.67414552,-0.00943507627,-0.674134552,-0.738592863,-0.00477827713,-0.0101899356,0.00283157127,0.999944091],"shapeName":"/art/shapes/race/s_concrete_race_barrier.dae"}
{"class":"TSStatic","persistentId":"f7e52e79-6c9f-4938-ba66-3bf29ec057d1","__parent":"obstacles_group","position":[-13.6699343,397.407593,101.188927],"isRenderEnabled":false,"rotationMatrix":[-0.569288373,0.822137654,0,-0.822137654,-0.569288373,0,0,0,1],"shapeName":"/art/shapes/race/s_concrete_race_barrier.dae"}
{"class":"TSStatic","persistentId":"f7f8d4bf-5ebb-472a-a7c4-3552f378826f","__parent":"obstacles_group","position":[-0.623623252,422.793945,101.25811],"isRenderEnabled":false,"rotationMatrix":[-0.569158316,0.82194984,0.021379428,-0.822137713,-0.569288373,6.51925802e-09,0.0121710692,-0.0175768323,0.999771416],"shapeName":"/art/shapes/race/s_concrete_race_barrier.dae"}
{"class":"TSStatic","persistentId":"f8757bdd-5366-438a-9d02-1caaf5e229a3","__parent":"obstacles_group","position":[-758.205383,-53.9739342,102.290756],"isRenderEnabled":false,"rotationMatrix":[-0.6957196,0.718163669,0.0146657918,-0.717029274,-0.695551395,0.0455774553,0.0429328829,0.0211933292,0.998853147],"shapeName":"/art/shapes/race/s_concrete_race_barrier.dae"}
{"class":"TSStatic","persistentId":"fb76cbec-de0b-41c4-9f22-b4e9096179dd","__parent":"obstacles_group","position":[-154.664719,477.577271,74.9402542],"isRenderEnabled":false,"rotationMatrix":[0.927549362,-0.373700649,0,0.373700649,0.927549362,0,0,0,1],"shapeName":"/art/shapes/race/s_concrete_race_barrier.dae"}
