{"name":"fuel_1_sign_A1_1","class":"TSStatic","persistentId":"7b3b4f81-04e2-4d57-a551-8a89ad1bc7f7","__parent":"sign","position":[931.654968,-503.508057,172.717026],"hidden":true,"isRenderEnabled":false,"rotationMatrix":[0.978147507,-0.207911685,0,0.207911685,0.978147507,0,0,0,0.999999881],"scale":[3.5,3.5,3.5],"shapeName":"/art/shapes/quarter_mile_display/display_8.dae","useInstanceRenderData":true}
{"name":"fuel_1_sign_A1_2","class":"TSStatic","persistentId":"ae45365c-3983-43fc-98c8-5760f0ac6a7f","__parent":"sign","position":[932.003296,-503.582123,172.717026],"hidden":true,"isRenderEnabled":false,"rotationMatrix":[0.978147507,-0.207911685,0,0.207911685,0.978147507,0,0,0,0.999999881],"scale":[3.5,3.5,3.5],"shapeName":"/art/shapes/quarter_mile_display/display_8.dae","useInstanceRenderData":true}
{"name":"fuel_1_sign_A1_3","class":"TSStatic","persistentId":"5291a9ea-acb5-4383-9fd8-5a3bd4ca2d84","__parent":"sign","position":[932.346558,-503.65509,172.717026],"hidden":true,"isRenderEnabled":false,"rotationMatrix":[0.978147507,-0.207911685,0,0.207911685,0.978147507,0,0,0,0.999999881],"scale":[3.5,3.5,3.5],"shapeName":"/art/shapes/quarter_mile_display/display_8.dae","useInstanceRenderData":true}
{"name":"fuel_1_sign_A1_4","class":"TSStatic","persistentId":"3c9ee212-6f0c-45a1-bc8c-7e6e7b93332b","__parent":"sign","position":[932.815674,-503.754791,172.717026],"hidden":true,"isRenderEnabled":false,"rotationMatrix":[0.978147507,-0.207911685,0,0.207911685,0.978147507,0,0,0,0.999999881],"scale":[3.5,3.5,3.5],"shapeName":"/art/shapes/quarter_mile_display/display_8.dae","useInstanceRenderData":true}
{"name":"fuel_1_sign_A1_5","class":"TSStatic","persistentId":"d433201a-e515-44cc-bfbb-5700219b84e4","__parent":"sign","position":[933.158752,-503.827759,172.717026],"hidden":true,"isRenderEnabled":false,"rotationMatrix":[0.978147507,-0.207911685,0,0.207911685,0.978147507,0,0,0,0.999999881],"scale":[3.5,3.5,3.5],"shapeName":"/art/shapes/quarter_mile_display/display_8.dae","useInstanceRenderData":true}
{"name":"fuel_1_sign_A1_period","class":"TSStatic","persistentId":"88512b1e-41fc-429e-a3d6-6a7660aac68b","__parent":"sign","position":[932.393005,-503.664337,172.718048],"hidden":true,"isRenderEnabled":false,"rotationMatrix":[0.978147507,-0.207911685,0,0.207911685,0.978147507,0,0,0,0.999999881],"scale":[3.5,3.5,3.5],"shapeName":"/art/shapes/quarter_mile_display/display_period.dae","useInstanceRenderData":true}
{"name":"fuel_1_sign_A2_1","class":"TSStatic","persistentId":"2edb15c9-6444-4530-9935-12c52a937ddb","__parent":"sign","position":[931.809143,-503.548035,171.557083],"hidden":true,"isRenderEnabled":false,"rotationMatrix":[0.978147507,-0.207911685,0,0.207911685,0.978147507,0,0,0,0.999999881],"scale":[4.43613243,4.43613243,4.43613243],"shapeName":"/art/shapes/quarter_mile_display/display_8.dae","useInstanceRenderData":true}
{"name":"fuel_1_sign_A2_2","class":"TSStatic","persistentId":"67c70e6a-c694-4e4e-a6cf-845d77dd8d01","__parent":"sign","position":[932.25061,-503.641785,171.557083],"hidden":true,"isRenderEnabled":false,"rotationMatrix":[0.978147507,-0.207911685,0,0.207911685,0.978147507,0,0,0,0.999999881],"scale":[4.43613243,4.43613243,4.43613243],"shapeName":"/art/shapes/quarter_mile_display/display_8.dae","useInstanceRenderData":true}
{"name":"fuel_1_sign_A2_3","class":"TSStatic","persistentId":"4c0db8b0-ee87-49ca-8c85-9cafd0a82edc","__parent":"sign","position":[932.685913,-503.734192,171.557083],"hidden":true,"isRenderEnabled":false,"rotationMatrix":[0.978147507,-0.207911685,0,0.207911685,0.978147507,0,0,0,0.999999881],"scale":[4.43613243,4.43613243,4.43613243],"shapeName":"/art/shapes/quarter_mile_display/display_8.dae","useInstanceRenderData":true}
{"name":"fuel_1_sign_A2_4","class":"TSStatic","persistentId":"87c8543a-4611-4493-a9cb-40fb218b934c","__parent":"sign","position":[933.075684,-503.79364,171.747849],"hidden":true,"isRenderEnabled":false,"rotationMatrix":[0.978147507,-0.207911685,0,0.207911685,0.978147507,0,0,0,0.999999881],"scale":[2.24689722,2.24689722,2.24689722],"shapeName":"/art/shapes/quarter_mile_display/display_8.dae","useInstanceRenderData":true}
{"name":"fuel_1_sign_A2_5","class":"TSStatic","persistentId":"5dc8004c-d5dd-4e4d-a195-58fd88d5d912","__parent":"sign","position":[933.068726,-503.792267,171.34079],"hidden":true,"isRenderEnabled":false,"rotationMatrix":[0.978147507,-0.207911685,0,0.207911685,0.978147507,0,0,0,0.999999881],"scale":[2.24689722,2.24689722,2.24689722],"shapeName":"/art/shapes/quarter_mile_display/display_8.dae","useInstanceRenderData":true}
{"name":"fuel_1_sign_A2_period1","class":"TSStatic","persistentId":"c3453861-1099-45a2-9ec9-7eed8d749c7b","__parent":"sign","position":[932.8479,-503.754547,171.67012],"hidden":true,"isRenderEnabled":false,"rotationMatrix":[0.978147507,-0.207911685,0,0.207911685,0.978147507,0,0,0,0.999999881],"scale":[11.1350212,3.03036046,2.13177991],"shapeName":"/art/shapes/quarter_mile_display/display_period.dae","useInstanceRenderData":true}
