{"class":"TSStatic","persistentId":"0209aceb-b4e1-4079-954e-92b29e8fff36","__parent":"tank_farm","position":[-158.156219,-78.9258804,38.8033142],"annotation":"OBSTACLES","isRenderEnabled":false,"shapeName":"/levels/industrial/art/shapes/buildings/tankfarm/ind_pipes_bridge.DAE"}
{"class":"TSStatic","persistentId":"059c063b-8912-4cfc-a262-bafdff9fb781","__parent":"tank_farm","position":[-99.3011627,-139.245728,39.1797256],"annotation":"OBSTACLES","isRenderEnabled":false,"rotationMatrix":[-0.996521831,-0.0833292678,0,0.0833292678,-0.996521831,0,0,0,1],"shapeName":"/levels/industrial/art/shapes/buildings/industrial_clutters/pallet_stack.DAE"}
{"class":"TSStatic","persistentId":"06bdb814-25ea-4efd-aaf0-6b46345d971e","__parent":"tank_farm","position":[-102.589973,-145.124817,39.0000038],"annotation":"OBSTACLES","isRenderEnabled":false,"rotationMatrix":[-0.0429800376,-0.999075532,0,0.999075532,-0.0429800376,0,0,0,1],"shapeName":"/levels/industrial/art/shapes/buildings/industrial_clutters/crate_stack.DAE"}
{"class":"TSStatic","persistentId":"0717cd85-1b02-46ce-99ca-19de51fc5528","__parent":"tank_farm","position":[-200.616379,-178.574371,47.1277161],"allowPlayerStep":"1","annotation":"OBSTACLES","isRenderEnabled":false,"rotationMatrix":[0.999998331,-0.00165824592,0,0.00165824592,0.999998331,0,0,0,1],"shapeName":"/levels/industrial/art/shapes/buildings/ind_ramp_01_1m.dae"}
{"class":"TSStatic","persistentId":"0ad636d1-7230-4d38-9fb8-e7fd9515e262","__parent":"tank_farm","position":[-187.218109,-129.555298,40.3995705],"annotation":"OBSTACLES","isRenderEnabled":false,"rotationMatrix":[-0.998271585,0.0587696582,0,-0.0587696582,-0.998271585,0,0,0,1],"shapeName":"/levels/industrial/art/shapes/buildings/industrial_clutters/pallet_stack.DAE"}
{"class":"TSStatic","persistentId":"0e60c51e-fbfd-471a-8eca-1dfcbabfa89b","__parent":"tank_farm","position":[-96.1517334,-169.000595,39.6159134],"isRenderEnabled":false,"rotationMatrix":[0.155089378,-0.797790289,-0.5826478,0.981624842,0.190825507,3.86149622e-07,0.111184642,-0.571940303,0.8127262],"shapeName":"/levels/industrial/art/shapes/buildings/debris/debris_a_s2.DAE"}
{"class":"TSStatic","persistentId":"0fa99f99-a957-48d9-be75-63860ee00ed3","__parent":"tank_farm","position":[-228.750259,-130.763565,39.0665627],"isRenderEnabled":false,"rotationMatrix":[-0.999999881,1.49011612e-07,0,-1.49011612e-07,-0.999999881,0,0,0,1],"shapeName":"/levels/industrial/art/shapes/buildings/tankfarm/ind_control_shed.DAE","useInstanceRenderData":true}
{"class":"TSStatic","persistentId":"11d1be49-f13b-46d3-a6b1-d123beb37abf","__parent":"tank_farm","position":[-151.560303,-58.2100639,39.3245773],"isRenderEnabled":false,"rotationMatrix":[-0.703339458,0.70069319,-0.119759656,-0.707149029,-0.70685178,0.01736442,-0.0724850893,0.0969010219,0.992650449],"shapeName":"/levels/industrial/art/shapes/buildings/tankfarm/ind_junk_platform.DAE"}
{"class":"TSStatic","persistentId":"13624f21-8795-438f-9c5f-1b3bee928b1e","__parent":"tank_farm","position":[-193.589462,-327.855957,33.8354607],"isRenderEnabled":false,"rotationMatrix":[0.577998817,0.816037595,0,-0.816037655,0.577998877,0,0,0,1],"shapeName":"/levels/industrial/art/shapes/buildings/debris/debris_m_barrel_a.DAE"}
{"class":"TSStatic","persistentId":"14ce6397-b642-4594-917f-2b2fb15b4176","__parent":"tank_farm","position":[-228.568192,-79.947403,38.8252983],"isRenderEnabled":false,"rotationMatrix":[2.38418579e-07,0.999999046,0,-0.999999046,2.38418579e-07,0,0,0,1],"shapeName":"/levels/industrial/art/shapes/buildings/tankfarm/ind_lampost.DAE"}
{"class":"TSStatic","persistentId":"17944329-485c-497b-8389-4132ae3cbe36","__parent":"tank_farm","position":[-158.156219,-125.040733,38.8205643],"annotation":"OBSTACLES","isRenderEnabled":false,"shapeName":"/levels/industrial/art/shapes/buildings/tankfarm/ind_pipes_bridge.DAE"}
{"class":"TSStatic","persistentId":"193ef5e6-1057-4b81-bbb3-46b337dd914c","__parent":"tank_farm","position":[-97.1841202,-168.648575,39.4926453],"annotation":"OBSTACLES","isRenderEnabled":false,"rotationMatrix":[0.999866605,-0.00403132755,0.0158254784,-3.49245965e-10,0.969053507,0.246853113,-0.0163308736,-0.246820241,0.968923926],"shapeName":"/levels/industrial/art/shapes/buildings/industrial_clutters/wood_pallet.DAE"}
{"class":"TSStatic","persistentId":"1975d911-4bbc-485c-9c06-84b4545749b8","__parent":"tank_farm","position":[-166.54509,-150.460999,39],"annotation":"BUILDINGS","isRenderEnabled":false,"rotationMatrix":[-2.98023224e-08,-0.999999881,0,0.999999881,-2.98023224e-08,0,0,0,1],"shapeName":"/levels/industrial/art/shapes/buildings/tankfarm/ind_tankfarm_fence.DAE"}
{"class":"TSStatic","persistentId":"1ab82026-3428-4139-a5d8-aa6e10ccb04d","__parent":"tank_farm","position":[-185.148209,11.0750866,35.0550613],"isRenderEnabled":false,"rotationMatrix":[-0.795682728,-0.605713904,0,0.605713904,-0.795682728,0,0,0,1],"shapeName":"/levels/industrial/art/shapes/buildings/debris/small_pile_b.DAE"}
{"class":"TSStatic","persistentId":"1ae24d33-c36a-4198-b0e8-f063c9abbcf8","__parent":"tank_farm","position":[-218.157242,-77.5788574,39],"isRenderEnabled":false,"rotationMatrix":[2.23517418e-07,0.999999702,0,-0.999999702,2.23517418e-07,0,0,0,1],"shapeName":"/levels/industrial/art/shapes/buildings/tankfarm/ind_metal_barrier.DAE"}
{"class":"TSStatic","persistentId":"1ca2010d-feae-4505-b2d5-58cd479783d1","__parent":"tank_farm","position":[-131.309174,-149.460068,38.9998169],"annotation":"OBSTACLES","isRenderEnabled":false,"rotationMatrix":[0.999997497,0.00118617713,0,-0.00118617713,0.999997497,0,0,0,1],"shapeName":"/levels/industrial/art/shapes/buildings/industrial_clutters/crate_stack.DAE"}
{"class":"TSStatic","persistentId":"1cab0015-f9fd-4d8a-82d3-aad710163503","__parent":"tank_farm","position":[-173.113297,-23.4759598,39.4998779],"annotation":"BUILDINGS","isRenderEnabled":false,"rotationMatrix":[-0.258816838,0.96592468,0,-0.96592468,-0.258816838,0,0,0,1],"shapeName":"/levels/industrial/art/shapes/buildings/tankfarm/ind_small_tank.DAE"}
{"class":"TSStatic","persistentId":"1eeb6efb-64c0-47cf-912c-826798d6b8b1","__parent":"tank_farm","position":[-167.060303,-130.910706,39.0874329],"isRenderEnabled":false,"rotationMatrix":[1,0,0,0,0.635672987,-0.771957397,0,0.771957397,0.635672987],"shapeName":"/levels/industrial/art/shapes/buildings/debris/debris_b_brickwall.DAE"}
{"class":"TSStatic","persistentId":"1f54a783-5055-4e4b-a5fd-f2f0cb8ddaa6","__parent":"tank_farm","position":[-187.217865,-129.558075,41.439373],"annotation":"OBSTACLES","isRenderEnabled":false,"rotationMatrix":[-0.999838233,-0.0179899912,0,0.0179899912,-0.999838233,0,0,0,1],"shapeName":"/levels/industrial/art/shapes/buildings/industrial_clutters/pallet_stack.DAE"}
{"class":"TSStatic","persistentId":"22a6812b-f945-4259-8176-7fe66c793625","__parent":"tank_farm","position":[-112.497711,-97.7381744,40.059742],"annotation":"BUILDINGS","isRenderEnabled":false,"rotationMatrix":[-0.999999046,-6.2584877e-07,0,6.2584877e-07,-0.999999046,0,0,0,1],"shapeName":"/levels/industrial/art/shapes/buildings/tankfarm/ind_sphere_tank.DAE"}
{"class":"TSStatic","persistentId":"2454489c-8b2e-42ab-9c48-ab87eaf6dd58","__parent":"tank_farm","position":[-169.429047,-131.60582,39.0345421],"isRenderEnabled":false,"rotationMatrix":[-0.518587649,0.855024517,0,-0.855024517,-0.518587649,0,0,0,1],"shapeName":"/levels/industrial/art/shapes/buildings/debris/small_pile_b.DAE"}
{"class":"TSStatic","persistentId":"26bc7a70-dcee-4ee1-87ec-990ac42fc1db","__parent":"tank_farm","position":[-103.587746,-145.124817,39.0000038],"annotation":"OBSTACLES","isRenderEnabled":false,"rotationMatrix":[0.0222380497,-0.999752283,0,0.999752283,0.0222380497,0,0,0,1],"shapeName":"/levels/industrial/art/shapes/buildings/industrial_clutters/crate_stack.DAE"}
{"class":"TSStatic","persistentId":"2cde9670-1b26-4122-8b6c-b283b4c96c00","__parent":"tank_farm","position":[-189.599396,-132.446548,38.9999962],"annotation":"OBSTACLES","isRenderEnabled":false,"rotationMatrix":[-2.98023224e-08,-0.999999881,0,0.999999881,-2.98023224e-08,0,0,0,1],"shapeName":"/levels/industrial/art/shapes/buildings/industrial_clutters/ind_pipes_small_stack.DAE"}
{"class":"TSStatic","persistentId":"2df17720-7dd5-4669-abe3-fcd759c509a0","__parent":"tank_farm","position":[-131.259766,-150.342056,40.0405579],"annotation":"OBSTACLES","isRenderEnabled":false,"rotationMatrix":[-0.999007761,-0.0445406958,0,0.0445406958,-0.999007761,0,0,0,1],"shapeName":"/levels/industrial/art/shapes/buildings/industrial_clutters/pallet_stack.DAE"}
{"class":"TSStatic","persistentId":"2fc593a0-0c0f-48bb-a014-2f4d3c943420","__parent":"tank_farm","position":[-179.75531,15.8048954,35.1089439],"isRenderEnabled":false,"rotationMatrix":[0.994947255,0.100397862,0,-0.100397862,0.994947255,0,0,0,1],"shapeName":"/levels/industrial/art/shapes/buildings/debris/small_pile_b.DAE"}
{"class":"TSStatic","persistentId":"301fe40d-d433-467e-a92a-14fd42f912bd","__parent":"tank_farm","position":[-167.258881,-84.3602905,38.9750786],"annotation":"BUILDINGS","isRenderEnabled":false,"rotationMatrix":[-2.98023224e-08,1,0,-1,-2.98023224e-08,0,0,0,1],"shapeName":"/levels/industrial/art/shapes/buildings/tankfarm/ind_long_tank.DAE"}
{"class":"TSStatic","persistentId":"30568e3d-5fd6-439d-b60b-83a5f91ea4ca","__parent":"tank_farm","position":[-104.638245,-146.279572,39.8612862],"annotation":"OBSTACLES","isRenderEnabled":false,"rotationMatrix":[0.178997949,0.983849466,0,-0.983849466,0.178997949,0,0,0,1],"shapeName":"/levels/industrial/art/shapes/buildings/industrial_clutters/concrete_pallet.DAE"}
{"class":"TSStatic","persistentId":"3513ec74-2e9a-423a-94c7-d766b1ce0e10","__parent":"tank_farm","position":[-105.43399,-144.963593,38.9999962],"annotation":"OBSTACLES","isRenderEnabled":false,"rotationMatrix":[-0.999667227,-0.0257989317,0,0.0257989317,-0.999667227,0,0,0,1],"shapeName":"/levels/industrial/art/shapes/buildings/industrial_clutters/concrete_pallet.DAE"}
{"class":"TSStatic","persistentId":"3b1d4fbf-fa8e-4f82-905e-a64de4653284","__parent":"tank_farm","position":[-215.224854,-36.1270599,39.1673012],"isRenderEnabled":false,"rotationMatrix":[-0.451749027,0.88994801,0.0625739023,-0.89098984,-0.446484596,-0.0823940188,-0.0453880988,-0.0929741189,0.994633496],"shapeName":"/levels/industrial/art/shapes/buildings/debris/big_pile.DAE"}
{"class":"TSStatic","persistentId":"3e914888-4a5d-42f0-a5a0-f3cacb5b0dc9","__parent":"tank_farm","position":[-165.155807,-58.9326477,39.0354385],"isRenderEnabled":false,"rotationMatrix":[-0.46849525,0.883466423,0,-0.883466423,-0.46849525,0,0,0,1],"shapeName":"/levels/industrial/art/shapes/buildings/debris/small_pile_c.DAE"}
{"class":"TSStatic","persistentId":"4214eb56-8f3b-4471-827b-b269e01c234b","__parent":"tank_farm","position":[-145.773926,-155.223511,39],"annotation":"OBSTACLES","isRenderEnabled":false,"rotationMatrix":[0.0261324756,0.999658465,0,-0.999658465,0.0261324756,0,0,0,1],"shapeName":"/levels/industrial/art/shapes/buildings/industrial_clutters/drum_pallet.DAE"}
{"class":"TSStatic","persistentId":"42559c62-6612-4319-93c6-7e37859c9f9c","__parent":"tank_farm","position":[-228.40155,-155.66922,38.8252983],"isRenderEnabled":false,"rotationMatrix":[1.49011612e-08,-0.999999344,0,0.999999344,1.49011612e-08,0,0,0,1],"shapeName":"/levels/industrial/art/shapes/buildings/tankfarm/ind_lampost.DAE"}
{"class":"TSStatic","persistentId":"42f507b1-2689-4277-b8d1-8401ad9c9777","__parent":"tank_farm","position":[-187.193207,-129.508484,39],"annotation":"OBSTACLES","isRenderEnabled":false,"rotationMatrix":[-0.999999285,-0.00118617713,0,0.00118617713,-0.999999285,0,0,0,1],"shapeName":"/levels/industrial/art/shapes/buildings/industrial_clutters/crate_stack.DAE"}
{"class":"TSStatic","persistentId":"45333448-4b7a-4e50-8de5-e6d7bb7b7059","__parent":"tank_farm","position":[-144.329208,-235.231018,39.3216934],"annotation":"OBSTACLES","isRenderEnabled":false,"rotationMatrix":[0.941837192,-0.336069614,6.10016286e-08,0.16803506,0.470919162,-0.86602509,0.291044682,0.815654576,0.500000656],"shapeName":"/levels/industrial/art/shapes/buildings/industrial_clutters/wood_pallet.DAE"}
{"class":"TSStatic","persistentId":"45784f7a-e0ee-4093-8e51-7ce3df5bed1e","__parent":"tank_farm","position":[-183.338867,17.0854149,35.2773819],"annotation":"OBSTACLES","isRenderEnabled":false,"rotationMatrix":[0.999866605,-0.00403132755,0.0158254784,-0.011785889,0.492660254,0.870140195,-0.0113044009,-0.870211065,0.492547065],"shapeName":"/levels/industrial/art/shapes/buildings/industrial_clutters/wood_pallet.DAE"}
{"class":"TSStatic","persistentId":"472d9f72-1d9a-4da2-9706-110da35cdc93","__parent":"tank_farm","position":[-215.461594,-32.2853088,38.7785759],"isRenderEnabled":false,"rotationMatrix":[-0.676714659,-0.736063242,-0.016376229,0.73594147,-0.675628901,-0.0437696241,0.0211529564,-0.0416714922,0.998907447],"shapeName":"/levels/industrial/art/shapes/buildings/debris/big_pile_angle.DAE"}
{"class":"TSStatic","persistentId":"48b50fb9-66d3-4998-bee8-e3ecf4ba30a2","__parent":"tank_farm","position":[-200.616379,-159.612976,47.1207809],"allowPlayerStep":"1","annotation":"OBSTACLES","isRenderEnabled":false,"rotationMatrix":[-0.99999851,0.0016579926,0,-0.0016579926,-0.99999851,0,0,0,1],"shapeName":"/levels/industrial/art/shapes/buildings/ind_ramp_01_1m.dae"}
{"class":"TSStatic","persistentId":"4a8f753f-b720-454b-aff0-fa7bee52ff6c","__parent":"tank_farm","position":[-98.0299149,-234.454849,38.9920044],"isRenderEnabled":false,"rotationMatrix":[0.782626331,0.622492969,0,-0.622492969,0.782626331,0,0,0,1],"shapeName":"/levels/industrial/art/shapes/buildings/debris/debris_m_barrel_b.DAE"}
{"class":"TSStatic","persistentId":"4c8970da-edab-4abe-a036-ccb59a0ed81a","__parent":"tank_farm","position":[-197.128769,-135.44516,41.5888634],"allowPlayerStep":"1","annotation":"OBSTACLES","isRenderEnabled":false,"rotationMatrix":[-0.999757767,0.0220095608,0,-0.0220095608,-0.999757767,0,0,0,1],"shapeName":"/levels/Industrial/art/shapes/misc/containers_40_nodeoline.dae"}
{"class":"TSStatic","persistentId":"4cf51c0f-adc8-4768-8efb-40539b60a93a","__parent":"tank_farm","position":[-105.574944,-145.532013,39.8612862],"annotation":"OBSTACLES","isRenderEnabled":false,"rotationMatrix":[-0.232062459,-0.972700953,0,0.972700953,-0.232062459,0,0,0,1],"shapeName":"/levels/industrial/art/shapes/buildings/industrial_clutters/concrete_pallet.DAE"}
{"class":"TSStatic","persistentId":"4edd7d74-c892-47d8-8226-4f453881f1fd","__parent":"tank_farm","position":[-201.051407,-162.922318,38.8252983],"isRenderEnabled":false,"rotationMatrix":[1.49011612e-08,-0.999999344,0,0.999999344,1.49011612e-08,0,0,0,1],"shapeName":"/levels/industrial/art/shapes/buildings/tankfarm/ind_lampost.DAE"}
{"class":"TSStatic","persistentId":"502ddaf1-514c-47ce-be00-91bf80e448a9","__parent":"tank_farm","position":[-228.568192,-50.3529472,38.8252983],"isRenderEnabled":false,"rotationMatrix":[-1.93715223e-07,-0.999999583,0,0.999999583,-1.93715223e-07,0,0,0,1],"shapeName":"/levels/industrial/art/shapes/buildings/tankfarm/ind_lampost.DAE"}
{"class":"TSStatic","persistentId":"50592d95-a9f6-4086-953a-dde9741e480c","__parent":"tank_farm","position":[-188.045731,-132.004944,38.9999962],"annotation":"OBSTACLES","isRenderEnabled":false,"rotationMatrix":[0,0.999999642,0,-0.999999642,0,0,0,0,1],"shapeName":"/levels/industrial/art/shapes/buildings/industrial_clutters/ind_pipes_small_stack.DAE"}
{"class":"TSStatic","persistentId":"52b0e8fe-e031-411e-8760-4f796ab19257","__parent":"tank_farm","position":[-95.4315567,-168.86084,39.7373238],"isRenderEnabled":false,"rotationMatrix":[0.257569969,-0.26780948,0.928407073,0.354134768,0.92013061,0.167174757,-0.899026871,0.285720855,0.331838757],"shapeName":"/levels/industrial/art/shapes/buildings/industrial_clutters/old_can_a.DAE"}
{"class":"TSStatic","persistentId":"52b1f481-c635-46e0-83ca-729fad736441","__parent":"tank_farm","position":[-211.553589,-87.2859421,38.8005714],"isRenderEnabled":false,"shapeName":"/levels/industrial/art/shapes/buildings/tankfarm/ind_foam_lines.DAE"}
{"class":"TSStatic","persistentId":"52e8bfc6-7ad1-4cf6-8f30-da2d0e751a1e","__parent":"tank_farm","position":[-166.870834,-130.323181,39.1733932],"isRenderEnabled":false,"rotationMatrix":[0.160392165,-0.987053454,0,0.987053454,0.160392165,0,0,0,1],"shapeName":"/levels/industrial/art/shapes/buildings/debris/debris_b_col_big.DAE"}
{"class":"TSStatic","persistentId":"58d22298-09d3-401d-8061-6c87100c5f42","__parent":"tank_farm","position":[-201.040512,-154.566177,38.8272362],"annotation":"OBSTACLES","isRenderEnabled":false,"rotationMatrix":[-2.98023224e-08,0.99999994,0,-0.99999994,-2.98023224e-08,0,0,0,1],"shapeName":"/levels/industrial/art/shapes/buildings/tankfarm/ind_pipes_bridge.DAE"}
{"class":"TSStatic","persistentId":"58dd61a5-1e93-461c-9ab6-7acb64c8d9ea","__parent":"tank_farm","position":[-189.250504,-133.462997,39.65411],"annotation":"OBSTACLES","isRenderEnabled":false,"rotationMatrix":[-0.220908895,-0.975293338,0,0.975293338,-0.220908895,0,0,0,1],"shapeName":"/levels/industrial/art/shapes/buildings/industrial_clutters/pallet_stack.DAE"}
{"class":"TSStatic","persistentId":"59c54683-55bc-4709-835d-d9dbcc6aa439","__parent":"tank_farm","position":[-204.855774,-137.374405,47.1274948],"annotation":"OBSTACLES","isRenderEnabled":false,"rotationMatrix":[-0.994535506,0.104395956,0,-0.104395956,-0.994535506,0,0,0,1],"shapeName":"/levels/industrial/art/shapes/buildings/industrial_clutters/drum_pallet.DAE"}
{"class":"TSStatic","persistentId":"5b58d47a-b9c7-40c2-8df5-8e1065926ea6","__parent":"tank_farm","position":[-212.624634,-134.167511,39.7179832],"isRenderEnabled":false,"rotationMatrix":[0.99804014,-1.0477379e-09,0.0625739098,0.00516584516,0.996586323,-0.0823940858,-0.0623603165,0.0825558677,0.994633496],"shapeName":"/levels/industrial/art/shapes/buildings/debris/big_pile.DAE"}
{"class":"TSStatic","persistentId":"5bc376ca-4d10-403f-ab71-55e3b99c6871","__parent":"tank_farm","position":[-200.755615,-256.962036,38.9978828],"annotation":"BUILDINGS","isRenderEnabled":false,"rotationMatrix":[-2.98023224e-08,-1,0,1,-2.98023224e-08,0,0,0,1],"shapeName":"/levels/industrial/art/shapes/buildings/tankfarm/ind_tankfarm_roadbridge.DAE"}
{"class":"TSStatic","persistentId":"5be6dcf4-1f98-4ce4-9c7a-014b983b3c5c","__parent":"tank_farm","position":[-215.479431,-34.3707161,38.9887848],"isRenderEnabled":false,"rotationMatrix":[-0.452635974,0.891695499,-1.20344366e-08,-0.890917361,-0.452240974,0.0417662971,0.0372428074,0.0189049356,0.999127388],"shapeName":"/levels/industrial/art/shapes/buildings/debris/medium_pile.DAE"}
{"class":"TSStatic","persistentId":"5c7d9b93-6eb2-441b-ab3d-b144179dc3b2","__parent":"tank_farm","position":[-209.108139,-135.673737,39.5898933],"isRenderEnabled":false,"rotationMatrix":[-0.350038648,0.9365924,-0.0163762458,-0.93556875,-0.350421458,-0.0437697619,-0.0467329882,-4.89155116e-09,0.998907149],"shapeName":"/levels/industrial/art/shapes/buildings/debris/big_pile_angle.DAE"}
{"class":"TSStatic","persistentId":"600ac737-79de-4c63-aedf-aad940d443d6","__parent":"tank_farm","position":[-100.760094,-145.054153,39.1575394],"annotation":"OBSTACLES","isRenderEnabled":false,"rotationMatrix":[0.574954033,0.818186998,0,-0.818187058,0.574953973,0,0,0,1],"shapeName":"/levels/industrial/art/shapes/buildings/industrial_clutters/road_cone.DAE"}
{"class":"TSStatic","persistentId":"614320bc-ee3a-40c4-9516-530c6f20a46e","__parent":"tank_farm","position":[-172.428406,-234.745972,38.8252983],"isRenderEnabled":false,"rotationMatrix":[0.999999464,-7.4505806e-08,0,7.4505806e-08,0.999999464,0,0,0,1],"shapeName":"/levels/industrial/art/shapes/buildings/tankfarm/ind_lampost.DAE"}
{"class":"TSStatic","persistentId":"66b885c2-d638-423f-81bb-7d7ff2ca921c","__parent":"tank_farm","position":[-146.176651,-235.242371,38.9954262],"isRenderEnabled":false,"shapeName":"/levels/industrial/art/shapes/buildings/debris/medium_pile.DAE"}
{"class":"TSStatic","persistentId":"68bac0fa-53d0-4180-b15f-e2c41609174a","__parent":"tank_farm","position":[-95.8870316,-168.346741,39.8006096],"isRenderEnabled":false,"rotationMatrix":[0.907813907,-0.418118358,0.0324015282,0.419108123,0.901794136,-0.105430357,0.0148631847,0.109290913,0.993899167],"shapeName":"/levels/industrial/art/shapes/buildings/debris/debris_m_pipe.DAE"}
{"class":"TSStatic","persistentId":"6bab314e-d52d-4f97-a5f1-6f0c4d1121c2","__parent":"tank_farm","position":[-196.340469,-26.0819016,39.0000038],"annotation":"BUILDINGS","isRenderEnabled":false,"rotationMatrix":[0.481629908,0.876372218,0,-0.876372218,0.481629908,0,0,0,1],"shapeName":"/levels/industrial/art/shapes/buildings/tankfarm/ind_fuel_tank.DAE"}
{"class":"TSStatic","persistentId":"7593330a-548c-4b4c-80e2-49d1603c4aee","__parent":"tank_farm","position":[-145.119431,-236.281525,39.0046539],"isRenderEnabled":false,"rotationMatrix":[0.587322831,-0.8093521,0,0.8093521,0.587322831,0,0,0,1],"shapeName":"/levels/industrial/art/shapes/buildings/debris/debris_a_b.DAE"}
{"class":"TSStatic","persistentId":"78530ecc-22a5-45bb-b878-b28716b84c1a","__parent":"tank_farm","position":[-182.864319,-85.2184372,39.3817291],"annotation":"OBSTACLES","isRenderEnabled":false,"rotationMatrix":[-2.98023224e-08,-1,0,1,-2.98023224e-08,0,0,0,1],"shapeName":"/levels/industrial/art/shapes/buildings/tankfarm/ind_pipes_main.DAE"}
{"class":"TSStatic","persistentId":"79968295-7234-423f-9e5e-ac1e9463e5d8","__parent":"tank_farm","position":[-194.333282,-113.985199,38.9968376],"annotation":"BUILDINGS","isRenderEnabled":false,"rotationMatrix":[-2.98023224e-08,-0.99999994,0,0.99999994,-2.98023224e-08,0,0,0,1],"shapeName":"/levels/industrial/art/shapes/buildings/tankfarm/ind_metal_walkway.DAE"}
{"class":"TSStatic","persistentId":"7bc8bda4-c3b9-4972-82c7-5c216299b0c2","__parent":"tank_farm","position":[-151.783524,-234.884842,38.8252983],"isRenderEnabled":false,"rotationMatrix":[-1.49011612e-07,-0.999999404,0,0.999999404,-1.49011612e-07,0,0,0,1],"shapeName":"/levels/industrial/art/shapes/buildings/tankfarm/ind_lampost.DAE"}
{"class":"TSStatic","persistentId":"7be5cd8a-fe55-4c3e-a69b-7d2145a16636","__parent":"tank_farm","position":[-139.058975,-41.4986687,40.059742],"annotation":"BUILDINGS","isRenderEnabled":false,"rotationMatrix":[2.5331974e-07,-0.999999821,0,0.999999821,2.5331974e-07,0,0,0,1],"shapeName":"/levels/industrial/art/shapes/buildings/tankfarm/ind_sphere_tank.DAE"}
{"class":"TSStatic","persistentId":"7d1ac4c8-9873-4eb5-a643-636ddae2f7fc","__parent":"tank_farm","position":[-210.95961,-134.721069,39.9733086],"isRenderEnabled":false,"rotationMatrix":[1,0,0,0,0.999127328,0.0417662337,0,-0.0417662337,0.999127328],"shapeName":"/levels/industrial/art/shapes/buildings/debris/medium_pile.DAE"}
{"class":"TSStatic","persistentId":"7db1d264-9d58-4ada-b3fe-2c0878248f26","__parent":"tank_farm","position":[-98.290062,-235.481064,38.9920044],"isRenderEnabled":false,"rotationMatrix":[-0.670340002,-0.742054224,0,0.742054224,-0.670340002,0,0,0,1],"shapeName":"/levels/industrial/art/shapes/buildings/debris/debris_m_barrel_b.DAE"}
{"class":"TSStatic","persistentId":"7e2cfeda-f5e7-4d23-b37a-541f311442f3","__parent":"tank_farm","position":[-166.980942,-130.734619,38.9998779],"annotation":"OBSTACLES","isRenderEnabled":false,"rotationMatrix":[0.996746302,0.0806071982,0,-0.0806071982,0.996746302,0,0,0,1],"shapeName":"/levels/industrial/art/shapes/buildings/industrial_clutters/ind_dumpster_empty.DAE"}
{"class":"TSStatic","persistentId":"7ea48f35-270d-4821-85f2-f901b0e273f3","__parent":"tank_farm","position":[-109.505409,-140.130386,38.629921],"annotation":"BUILDINGS","isRenderEnabled":false,"rotationMatrix":[-2.98023224e-08,-0.99999994,0,0.99999994,-2.98023224e-08,0,0,0,1],"shapeName":"/levels/industrial/art/shapes/buildings/tankfarm/ind_old_shackpool.DAE"}
{"class":"TSStatic","persistentId":"7fbbb664-6fe1-45a6-84d8-21a57ed54bf0","__parent":"tank_farm","position":[-99.1276169,-237.227097,38.9920044],"isRenderEnabled":false,"shapeName":"/levels/industrial/art/shapes/buildings/debris/debris_m_barrel_b.DAE"}
{"class":"TSStatic","persistentId":"831e555f-7644-49c4-bb23-4100a014acaa","__parent":"tank_farm","position":[-131.259766,-150.358932,39.0000381],"annotation":"OBSTACLES","isRenderEnabled":false,"rotationMatrix":[0.992547154,0.121862635,0,-0.121862635,0.992547154,0,0,0,1],"shapeName":"/levels/industrial/art/shapes/buildings/industrial_clutters/pallet_stack.DAE"}
{"class":"TSStatic","persistentId":"834335a5-c966-47f5-84b9-8ca96186c8d4","__parent":"tank_farm","position":[-91.6904068,-242.338745,38.999939],"isRenderEnabled":false,"rotationMatrix":[-0.0201947261,-0.999795735,0,0.999795735,-0.0201947261,0,0,0,1],"shapeName":"/levels/industrial/art/shapes/buildings/debris/big_pile_angle.DAE"}
{"class":"TSStatic","persistentId":"83c86781-b6e4-4e09-9f31-afed888938ee","__parent":"tank_farm","position":[-164.384079,-70.1019669,38.8252983],"isRenderEnabled":false,"rotationMatrix":[-8.94069672e-08,0.999999523,0,-0.999999523,-8.94069672e-08,0,0,0,1],"shapeName":"/levels/industrial/art/shapes/buildings/tankfarm/ind_lampost.DAE"}
{"class":"TSStatic","persistentId":"83edbba0-5ba7-4131-989a-2336341be363","__parent":"tank_farm","position":[-100.760094,-145.054153,38.9998779],"annotation":"OBSTACLES","isRenderEnabled":false,"rotationMatrix":[0.926148713,0.377158761,0,-0.377158701,0.926148593,0,0,0,1],"shapeName":"/levels/industrial/art/shapes/buildings/industrial_clutters/road_cone.DAE"}
{"class":"TSStatic","persistentId":"84c6bf42-92e5-4578-9ece-70307020fc54","__parent":"tank_farm","position":[-176.637344,-111.257774,38.1808815],"annotation":"OBSTACLES","isRenderEnabled":false,"rotationMatrix":[-1.93715096e-07,0.999999523,0,-0.999999523,-1.93715096e-07,0,0,0,1],"shapeName":"/levels/industrial/art/shapes/buildings/methane_burner_02.dae"}
{"class":"TSStatic","persistentId":"85bf2450-4e23-43a3-a144-1b681824a85c","__parent":"tank_farm","position":[-193.439896,-328.524109,33.8478508],"isRenderEnabled":false,"rotationMatrix":[0.577998817,0.816037595,0,-0.816037655,0.577998877,0,0,0,1],"shapeName":"/levels/industrial/art/shapes/buildings/debris/debris_m_barrel_b.DAE"}
{"class":"TSStatic","persistentId":"86c7ca16-9a9a-4a6f-9d98-0d829ce3873c","__parent":"tank_farm","position":[-143.931931,-155.916275,39],"annotation":"OBSTACLES","isRenderEnabled":false,"rotationMatrix":[-0.996555269,0.0829218179,0,-0.0829218179,-0.996555269,0,0,0,1],"shapeName":"/levels/industrial/art/shapes/buildings/industrial_clutters/drum_pallet.DAE"}
{"class":"TSStatic","persistentId":"86ef55db-9723-4624-8d4f-9560d85fbac7","__parent":"tank_farm","position":[-153.362534,1.85819674,39.3081779],"annotation":"OBSTACLES","isRenderEnabled":false,"rotationMatrix":[-0.0275982972,0.999619126,0,-0.999619126,-0.0275982972,0,0,0,1],"shapeName":"/levels/industrial/art/shapes/buildings/industrial_clutters/concrete_pallet.DAE"}
{"class":"TSStatic","persistentId":"876afafe-99b6-4cc9-9424-68e0d2069f39","__parent":"tank_farm","position":[-153.28157,1.8432126,38.8767548],"annotation":"OBSTACLES","isRenderEnabled":false,"rotationMatrix":[0.292999655,0.956112623,0,-0.956112564,0.292999625,0,0,0,1],"shapeName":"/levels/industrial/art/shapes/buildings/industrial_clutters/concrete_pallet.DAE"}
{"class":"TSStatic","persistentId":"890f30c6-51b9-4c72-bfd2-94576df5dde0","__parent":"tank_farm","position":[-104.621384,-146.262878,39.4314194],"annotation":"OBSTACLES","isRenderEnabled":false,"rotationMatrix":[-0.0275982972,0.999619126,0,-0.999619126,-0.0275982972,0,0,0,1],"shapeName":"/levels/industrial/art/shapes/buildings/industrial_clutters/concrete_pallet.DAE"}
{"class":"TSStatic","persistentId":"8a9e3891-5bf3-49a4-b761-ccf8124e12ed","__parent":"tank_farm","position":[-152.893768,3.05376029,39.7380447],"annotation":"OBSTACLES","isRenderEnabled":false,"rotationMatrix":[0.996883869,-0.078904897,0,0.078904897,0.996883869,0,0,0,1],"shapeName":"/levels/industrial/art/shapes/buildings/industrial_clutters/concrete_pallet.DAE"}
{"class":"TSStatic","persistentId":"8ab526cc-37c9-4332-8770-9b7504f59f06","__parent":"tank_farm","position":[-115.792831,-140.489777,38.87957],"isRenderEnabled":false,"rotationMatrix":[2.98018392e-08,-0.999983728,0.00569675304,0.99999994,2.98023224e-08,0,-1.69776471e-10,0.00569675304,0.999983788],"shapeName":"/levels/industrial/art/shapes/buildings/tankfarm/ind_junk_bridge.DAE"}
{"class":"TSStatic","persistentId":"8ac1e8db-c2c0-43d6-9ced-e360dd73d049","__parent":"tank_farm","position":[-153.379395,1.84150362,39.7380447],"annotation":"OBSTACLES","isRenderEnabled":false,"rotationMatrix":[0.178997949,0.983849466,0,-0.983849466,0.178997949,0,0,0,1],"shapeName":"/levels/industrial/art/shapes/buildings/industrial_clutters/concrete_pallet.DAE"}
{"class":"TSStatic","persistentId":"8bd11d9d-5ff5-4d5c-bb2a-a726e2ce96d9","__parent":"tank_farm","position":[-213.55217,-34.0460815,38.9135704],"isRenderEnabled":false,"rotationMatrix":[-0.452635914,0.891695499,5.0815288e-08,-0.884766757,-0.449118823,0.124418557,0.110943489,0.0563162602,0.992229879],"scale":[1.11630368,1.11630368,1.11630368],"shapeName":"/levels/industrial/art/shapes/buildings/debris/metal_pile.DAE"}
{"class":"TSStatic","persistentId":"8bfa920b-e933-4df2-9634-85875b5648b8","__parent":"tank_farm","position":[-97.8085632,-167.319763,38.9906769],"annotation":"OBSTACLES","isRenderEnabled":false,"rotationMatrix":[0.135859072,0.990728557,0,-0.990728557,0.135859072,0,0,0,1],"shapeName":"/levels/industrial/art/shapes/buildings/industrial_clutters/ind_clutter_mix.DAE"}
{"class":"TSStatic","persistentId":"8c1b5635-94d4-470f-b317-94e531678997","__parent":"tank_farm","position":[-151.39473,-146.359909,39.0000038],"isRenderEnabled":false,"rotationMatrix":[-2.98023224e-08,1,0,-1,-2.98023224e-08,0,0,0,1],"shapeName":"/levels/industrial/art/shapes/buildings/tankfarm/ind_metal_barrier.DAE"}
{"class":"TSStatic","persistentId":"8c5585d6-b9d3-4db6-8ff5-18728f342836","__parent":"tank_farm","position":[-193.958649,-328.267822,34.2033768],"annotation":"OBSTACLES","isRenderEnabled":false,"rotationMatrix":[-0.203248605,0.979127169,1.10361711e-07,-0.489564419,-0.101624377,-0.866024911,-0.847948551,-0.176018432,0.500000834],"shapeName":"/levels/industrial/art/shapes/buildings/industrial_clutters/wood_pallet.DAE"}
{"class":"TSStatic","persistentId":"8c7afc2b-8bbf-4391-935c-8dea54996926","__parent":"tank_farm","position":[-167.129791,-132.760422,39.0044441],"isRenderEnabled":false,"rotationMatrix":[-0.0896611288,0.99597311,0,-0.99597311,-0.0896611288,0,0,0,1],"shapeName":"/levels/industrial/art/shapes/buildings/debris/big_pile_angle.DAE"}
{"class":"TSStatic","persistentId":"8d5fb7e9-adfd-4226-aad0-c0eb3a71f770","__parent":"tank_farm","position":[-144.361526,-194.904984,38.8252983],"isRenderEnabled":false,"rotationMatrix":[-1.49011612e-07,-0.999999404,0,0.999999404,-1.49011612e-07,0,0,0,1],"shapeName":"/levels/industrial/art/shapes/buildings/tankfarm/ind_lampost.DAE"}
{"class":"TSStatic","persistentId":"8d6ed22c-4935-444b-85a7-e7cb5a0e7e86","__parent":"tank_farm","position":[-98.1625671,-235.007599,38.9796143],"isRenderEnabled":false,"rotationMatrix":[0.336402148,-0.941718638,0,0.941718638,0.336402148,0,0,0,1],"shapeName":"/levels/industrial/art/shapes/buildings/debris/debris_m_barrel_a.DAE"}
{"class":"TSStatic","persistentId":"8d945a2c-0653-49ca-9c43-3be22ae7017e","__parent":"tank_farm","position":[-192.840302,-328.57843,34.1824226],"isRenderEnabled":false,"rotationMatrix":[-0.609492779,0.392474353,0.688828349,-0.579249799,0.372767001,-0.724924445,-0.541287363,-0.840838969,0.000141381126],"shapeName":"/levels/industrial/art/shapes/buildings/debris/debris_m_barrel_a.DAE"}
{"class":"TSStatic","persistentId":"903dbd30-fd31-4b7e-a300-ef8607e58ce5","__parent":"tank_farm","position":[-213.355591,-135.814926,39.4468498],"isRenderEnabled":false,"shapeName":"/levels/industrial/art/shapes/buildings/debris/big_pile_angle.DAE"}
{"class":"TSStatic","persistentId":"9163206a-a224-45e4-86f5-9ecbc9017c51","__parent":"tank_farm","position":[-130.173111,-137.589096,39.0045662],"annotation":"OBSTACLES","isRenderEnabled":false,"shapeName":"/levels/industrial/art/shapes/buildings/industrial_clutters/ind_rack_c.DAE"}
{"class":"TSStatic","persistentId":"9212e044-e125-4f12-a280-1daef3430877","__parent":"tank_farm","position":[-202.149811,-106.586571,38.9842834],"annotation":"BUILDINGS","isRenderEnabled":false,"rotationMatrix":[-0.999999821,2.23517418e-07,0,-2.23517418e-07,-0.999999821,0,0,0,1],"shapeName":"/levels/industrial/art/shapes/buildings/tankfarm/ind_fuel_tank_mod.DAE"}
{"class":"TSStatic","persistentId":"92150911-9749-402f-92f1-d7285e9a4588","__parent":"tank_farm","position":[-169.185699,-132.34874,39.0346413],"annotation":"OBSTACLES","isRenderEnabled":false,"rotationMatrix":[0.994947255,0.100397862,0,-0.100397862,0.994947255,0,0,0,1],"shapeName":"/levels/industrial/art/shapes/buildings/debris/small_pile_b.DAE"}
{"class":"TSStatic","persistentId":"92dee1c7-80f7-415b-be33-dad3707f6b3e","__parent":"tank_farm","position":[-188.993439,-131.689087,39.6476898],"annotation":"OBSTACLES","isRenderEnabled":false,"shapeName":"/levels/industrial/art/shapes/buildings/industrial_clutters/ind_pipes_big_stack.DAE"}
{"class":"TSStatic","persistentId":"95959873-1512-46a0-b7a6-39c4239c5e90","__parent":"tank_farm","position":[-144.818237,-235.540604,38.9661674],"isRenderEnabled":false,"rotationMatrix":[0.395953864,-0.918270469,0,0.918270469,0.395953864,0,0,0,1],"shapeName":"/levels/industrial/art/shapes/buildings/debris/debris_m_barrel_b.DAE"}
{"class":"TSStatic","persistentId":"97254710-d69e-4e6b-897d-f300486e18e9","__parent":"tank_farm","position":[-170.638504,-63.8593025,39.0000038],"annotation":"BUILDINGS","isRenderEnabled":false,"rotationMatrix":[-0.999999702,2.38418579e-07,0,-2.38418579e-07,-0.999999702,0,0,0,1],"shapeName":"/levels/industrial/art/shapes/buildings/tankfarm/ind_big_tank.DAE"}
{"class":"TSStatic","persistentId":"98ac4ec8-2d6e-4f0d-8a4c-6d48cd9b197f","__parent":"tank_farm","position":[-169.197266,-131.973618,38.9998779],"annotation":"OBSTACLES","isRenderEnabled":false,"rotationMatrix":[0.101233393,-0.994863331,0,0.994863331,0.101233393,0,0,0,1],"shapeName":"/levels/industrial/art/shapes/buildings/industrial_clutters/ind_dumpster_empty.DAE"}
{"class":"TSStatic","persistentId":"9933bb3b-c3f0-4a6e-ad38-98cba54ad0e2","__parent":"tank_farm","position":[-185.916351,-129.413864,40.3995705],"annotation":"OBSTACLES","isRenderEnabled":false,"rotationMatrix":[0.999905765,0.0137294251,0,-0.0137294251,0.999905765,0,0,0,1],"shapeName":"/levels/industrial/art/shapes/buildings/industrial_clutters/pallet_stack.DAE"}
{"class":"TSStatic","persistentId":"9d46268d-d925-4f9f-b859-c419dced19a5","__parent":"tank_farm","position":[-209.248535,-134.062088,39.8762817],"isRenderEnabled":false,"rotationMatrix":[0.99804014,-1.0477379e-09,0.0625739098,0.00516584516,0.996586323,-0.0823940858,-0.0623603165,0.0825558677,0.994633496],"shapeName":"/levels/industrial/art/shapes/buildings/debris/big_pile.DAE"}
{"class":"TSStatic","persistentId":"9ed3b88d-11cd-4b33-9b16-91db17f97cd2","__parent":"tank_farm","position":[-146.09761,-236.22496,39.0952911],"isRenderEnabled":false,"rotationMatrix":[0.923285306,0.321446478,-0.210266307,0.380069882,-0.843717456,0.379058123,-0.0555583611,-0.429893702,-0.90116775],"shapeName":"/levels/industrial/art/shapes/buildings/debris/debris_b_angle.DAE"}
{"class":"TSStatic","persistentId":"9fb674f2-816e-4a91-8da4-47709f08789a","__parent":"tank_farm","position":[-189.281479,-62.4960175,38.7755966],"isRenderEnabled":false,"rotationMatrix":[-1.14738941e-06,-0.999999225,0,0.999999225,-1.14738941e-06,0,0,0,1],"shapeName":"/levels/industrial/art/shapes/buildings/tankfarm/ind_lampost.DAE"}
{"class":"TSStatic","persistentId":"a2104446-e2b3-48af-bbde-3372e04b4b64","__parent":"tank_farm","position":[-168.645508,-133.56424,39.0000038],"isRenderEnabled":false,"rotationMatrix":[0.152849808,-0.988249958,0,0.988249958,0.152849808,0,0,0,1],"shapeName":"/levels/industrial/art/shapes/buildings/debris/debris_a_d.DAE"}
{"class":"TSStatic","persistentId":"a2bce290-350c-4f3b-baaa-e036b0332afc","__parent":"tank_farm","position":[-119.652916,-218.116714,38.9842834],"annotation":"BUILDINGS","isRenderEnabled":false,"rotationMatrix":[0.999999464,2.98023423e-07,0,-2.98023423e-07,0.999999464,0,0,0,1],"shapeName":"/levels/industrial/art/shapes/buildings/tankfarm/ind_fuel_tank_mod.DAE"}
{"class":"TSStatic","persistentId":"a72cfd24-8960-4f5b-9eab-77003af4a6e9","__parent":"tank_farm","position":[-99.1206207,-138.255112,39.1797256],"annotation":"OBSTACLES","isRenderEnabled":false,"rotationMatrix":[-0.990636885,0.136521772,0,-0.136521772,-0.990636885,0,0,0,1],"shapeName":"/levels/industrial/art/shapes/buildings/industrial_clutters/pallet_stack.DAE"}
{"class":"TSStatic","persistentId":"a7ca3922-a9b0-4830-a493-aaed72eb1138","__parent":"tank_farm","position":[-152.920746,3.09531116,39.3081779],"annotation":"OBSTACLES","isRenderEnabled":false,"rotationMatrix":[0.999993205,-0.00368534354,0,0.00368534354,0.999993205,0,0,0,1],"shapeName":"/levels/industrial/art/shapes/buildings/industrial_clutters/concrete_pallet.DAE"}
{"class":"TSStatic","persistentId":"a99f48cd-f228-431d-b657-9b555a6ea6ee","__parent":"tank_farm","position":[-130.190338,-149.749222,39.0000038],"annotation":"OBSTACLES","isRenderEnabled":false,"rotationMatrix":[0.00118610333,-0.999997437,0,0.999997437,0.00118610333,0,0,0,1],"shapeName":"/levels/industrial/art/shapes/buildings/industrial_clutters/crate_stack.DAE"}
{"class":"TSStatic","persistentId":"acd7e55c-5c67-4474-8984-bfa27480b290","__parent":"tank_farm","position":[-128.541168,-82.7918854,39.4042931],"isRenderEnabled":false,"rotationMatrix":[0.518990099,-0.846348703,-0.119759843,0.853448808,0.520886838,0.0173646007,0.0476848409,-0.111220978,0.992650867],"shapeName":"/levels/industrial/art/shapes/buildings/tankfarm/ind_junk_platform.DAE"}
{"class":"TSStatic","persistentId":"acf8851c-7b37-4998-91fd-17c7183c3de0","__parent":"tank_farm","position":[-100.760094,-145.054153,39.077507],"annotation":"OBSTACLES","isRenderEnabled":false,"rotationMatrix":[0.993041217,0.117766969,0,-0.117766865,0.993041158,0,0,0,1],"shapeName":"/levels/industrial/art/shapes/buildings/industrial_clutters/road_cone.DAE"}
{"class":"TSStatic","persistentId":"af079ec3-8921-4338-aafb-cee1f57c0192","__parent":"tank_farm","position":[-96.8938217,-168.881119,39.6886482],"isRenderEnabled":false,"rotationMatrix":[0.994470417,-0.00229784288,0.104994968,-0.000442128745,0.999660313,0.0260654967,-0.105019145,-0.0259677731,0.994130969],"shapeName":"/levels/industrial/art/shapes/buildings/debris/small_pile_d.DAE"}
{"class":"TSStatic","persistentId":"afc9346a-21f6-40a2-ad68-362c56784d7f","__parent":"tank_farm","position":[-127.089737,-52.1670532,38.8022041],"isRenderEnabled":false,"rotationMatrix":[7.4505806e-08,-0.999999642,0,0.999999642,7.4505806e-08,0,0,0,1],"shapeName":"/levels/industrial/art/shapes/buildings/tankfarm/ind_foam_lines.DAE"}
{"class":"TSStatic","persistentId":"b16ae0a3-48f1-430b-8d02-4100a23982d0","__parent":"tank_farm","position":[-99.2183533,-236.655472,39.3475304],"annotation":"OBSTACLES","isRenderEnabled":false,"rotationMatrix":[0.681526661,0.731793761,2.72324542e-07,-0.365897149,0.340764105,-0.86602515,-0.63375175,0.590218842,0.500000298],"shapeName":"/levels/industrial/art/shapes/buildings/industrial_clutters/wood_pallet.DAE"}
{"class":"TSStatic","persistentId":"b1881145-528f-47a7-a88b-d40022743b32","__parent":"tank_farm","position":[-191.990402,-132.86084,39],"annotation":"OBSTACLES","isRenderEnabled":false,"rotationMatrix":[-0.0905149877,0.995894969,0,-0.995894969,-0.0905149877,0,0,0,1],"shapeName":"/levels/industrial/art/shapes/buildings/industrial_clutters/ind_pipes_big_stack.DAE"}
