{"class":"TSStatic","persistentId":"0697503b-daa2-4380-92e4-ef8d33e3898d","__parent":"beach_ruins","position":[-372.270966,269.309296,31.7509766],"isRenderEnabled":false,"rotationMatrix":[-0.814056695,0.580775082,-0.00352789299,-0.33143428,-0.469532758,-0.81834662,-0.47693482,-0.66501081,0.574713349],"shapeName":"/levels/industrial/art/shapes/buildings/power_lines/metal_pole.dae","useInstanceRenderData":true}
{"class":"TSStatic","persistentId":"0a629f63-3151-4106-9790-3f5a5e3dda27","__parent":"beach_ruins","position":[-357.414337,326.265656,34.1950264],"isRenderEnabled":false,"shapeName":"/levels/industrial/art/shapes/buildings/debris/medium_pile.DAE"}
{"class":"TSStatic","persistentId":"0f8d1b14-dc06-473e-aa08-a2a625145479","__parent":"beach_ruins","position":[-376.302124,308.107544,32.1778793],"isRenderEnabled":false,"shapeName":"/levels/industrial/art/shapes/buildings/mine_conveyor/concrete_cylinder_block.dae","useInstanceRenderData":true}
{"class":"TSStatic","persistentId":"1214db2c-3410-4e34-93e7-f4a22239326c","__parent":"beach_ruins","position":[-353.130707,341.704315,34.6443443],"isRenderEnabled":false,"shapeName":"/levels/industrial/art/shapes/buildings/debris/medium_pile.DAE"}
{"class":"TSStatic","persistentId":"1375b3b7-b30d-4d4c-93c2-0329f8d456bd","__parent":"beach_ruins","position":[-334.961945,388.324005,34.3935471],"isRenderEnabled":false,"rotationMatrix":[0.989820182,-0.0228613615,0.140469283,-7.68341124e-09,0.9870134,0.160636157,-0.142317533,-0.159001127,0.976966143],"shapeName":"/levels/industrial/art/shapes/buildings/power_lines/metal_pole.dae","useInstanceRenderData":true}
{"class":"TSStatic","persistentId":"14091f94-02dc-47d2-b1be-a830bc513bf5","__parent":"beach_ruins","position":[-337.963989,372.08252,34.5714645],"isRenderEnabled":false,"shapeName":"/levels/industrial/art/shapes/buildings/debris/big_pile.DAE"}
{"class":"TSStatic","persistentId":"19dcf05f-f02b-4c25-88c5-5af86f4c7086","__parent":"beach_ruins","position":[-356.885101,392.176361,32.4174576],"isRenderEnabled":false,"rotationMatrix":[0.961874366,0.273492485,-0.000277143321,-0.251947016,0.886491477,0.388145715,0.106400646,-0.373277396,0.92159909],"shapeName":"/levels/industrial/art/shapes/buildings/mine_conveyor/conveyor_support.dae","useInstanceRenderData":true}
{"class":"TSStatic","persistentId":"1f1a73d6-4017-4fc3-b36b-ef4dd29698bb","__parent":"beach_ruins","position":[-373.930542,273.3685,31.9902115],"isRenderEnabled":false,"shapeName":"/levels/industrial/art/shapes/buildings/mine_conveyor/concrete_cylinder_block.dae","useInstanceRenderData":true}
{"class":"TSStatic","persistentId":"2b0b2ee8-3845-4a31-88b6-b8160a843b1e","__parent":"beach_ruins","position":[-353.311279,386.317535,33.5167122],"isRenderEnabled":false,"shapeName":"/levels/industrial/art/shapes/buildings/mine_conveyor/concrete_cylinder_block.dae","useInstanceRenderData":true}
{"class":"TSStatic","persistentId":"31a7f4d7-73a6-437f-bea1-ac569777ecc1","__parent":"beach_ruins","position":[-356.30835,386.322937,33.5167122],"isRenderEnabled":false,"shapeName":"/levels/industrial/art/shapes/buildings/mine_conveyor/concrete_cylinder_block.dae","useInstanceRenderData":true}
{"class":"TSStatic","persistentId":"37a215a0-96f2-4815-bd04-89834b10aead","__parent":"beach_ruins","position":[-370.785248,273.362915,35.0502777],"isRenderEnabled":false,"rotationMatrix":[-0.939900279,0.0202069394,0.340851218,-0.335916132,0.124273457,-0.933657646,-0.0612251386,-0.992042661,-0.11001651],"scale":[1.29999995,1.29999995,1.29999995],"shapeName":"/levels/industrial/art/shapes/buildings/debris/debris_m_barbent_a.DAE","useInstanceRenderData":true}
{"class":"TSStatic","persistentId":"38470473-a3e7-4bdd-b7b6-d2b65c392c73","__parent":"beach_ruins","position":[-337.473175,370.208862,34.7110977],"isRenderEnabled":false,"shapeName":"/levels/industrial/art/shapes/buildings/debris/metal_pile.DAE"}
{"class":"TSStatic","persistentId":"398ae041-2815-4adc-8dad-3e5297b40095","__parent":"beach_ruins","position":[-370.933472,273.363098,31.9902115],"isRenderEnabled":false,"shapeName":"/levels/industrial/art/shapes/buildings/mine_conveyor/concrete_cylinder_block.dae","useInstanceRenderData":true}
{"class":"TSStatic","persistentId":"405610b8-a32c-4416-88cf-5f1fc6c4e682","__parent":"beach_ruins","position":[-354.706207,387.842712,35.4220543],"isRenderEnabled":false,"shapeName":"/levels/industrial/art/shapes/buildings/mine_conveyor/Mine_conveyor_station_02.dae","useInstanceRenderData":true}
{"class":"TSStatic","persistentId":"40a48f55-7455-4f25-a14b-684e2f14f8ac","__parent":"beach_ruins","position":[-353.375702,359.183167,34.5967369],"isRenderEnabled":false,"shapeName":"/levels/industrial/art/shapes/buildings/debris/big_pile.DAE"}
{"class":"TSStatic","persistentId":"42e2f5da-3195-4937-b525-622de45156bd","__parent":"beach_ruins","position":[-370.941467,275.717407,35.0704613],"isRenderEnabled":false,"rotationMatrix":[-0.606158912,-0.189381108,0.772467494,-0.744439662,0.47697857,-0.467226088,-0.279967278,-0.858269691,-0.430106729],"scale":[1.29999995,1.29999995,1.29999995],"shapeName":"/levels/industrial/art/shapes/buildings/debris/debris_m_barbent_b.DAE","useInstanceRenderData":true}
{"class":"TSStatic","persistentId":"47fa100e-7ee3-4c89-b79e-41236085ba84","__parent":"beach_ruins","position":[-337.233673,373.723694,34.633091],"isRenderEnabled":false,"shapeName":"/levels/industrial/art/shapes/buildings/debris/medium_pile.DAE"}
{"class":"TSStatic","persistentId":"5a250fc4-a305-4564-9a79-fe6ef2d41d65","__parent":"beach_ruins","position":[-354.702179,332.134491,34.3935471],"isRenderEnabled":false,"rotationMatrix":[-0.944502473,-0.190664679,0.267509818,0.189496547,-0.981409848,-0.0304301903,0.268338531,0.0219519511,0.963074148],"shapeName":"/levels/industrial/art/shapes/buildings/power_lines/metal_pole.dae","useInstanceRenderData":true}
{"class":"TSStatic","persistentId":"5a3ed37e-b6d2-4504-aa94-20d0d3be92d1","__parent":"beach_ruins","position":[-336.002258,354.894531,34.3935471],"isRenderEnabled":false,"rotationMatrix":[0.998723984,-0.0315498076,0.0394220762,0.0156874191,0.935997963,0.351655453,-0.0479937308,-0.35058862,0.935298026],"shapeName":"/levels/industrial/art/shapes/buildings/power_lines/metal_pole.dae","useInstanceRenderData":true}
{"class":"TSStatic","persistentId":"5bd448ad-e3ac-4f6d-9b68-6999fb256a37","__parent":"beach_ruins","position":[-344.194061,156.101425,27.9484234],"isRenderEnabled":false,"rotationMatrix":[-5.96046448e-08,0.99999994,0,-0.99999994,-5.96046448e-08,0,0,0,1],"shapeName":"/levels/industrial/art/shapes/buildings/mine_conveyor/conveyor_support.dae","useInstanceRenderData":true}
{"class":"TSStatic","persistentId":"610c970e-8165-4dfb-8728-64cff178df69","__parent":"beach_ruins","position":[-338.007599,345.71225,34.8356018],"isRenderEnabled":false,"shapeName":"/levels/industrial/art/shapes/buildings/debris/big_pile.DAE"}
{"class":"TSStatic","persistentId":"639d222d-a901-4855-8337-64a46019f028","__parent":"beach_ruins","position":[-346.466766,155.219803,27.9484234],"isRenderEnabled":false,"rotationMatrix":[-5.96046448e-08,0.99999994,0,-0.99999994,-5.96046448e-08,0,0,0,1],"shapeName":"/levels/industrial/art/shapes/buildings/mine_conveyor/conveyor_support.dae","useInstanceRenderData":true}
{"class":"TSStatic","persistentId":"6c5705d5-fb48-45c9-8224-014630831f59","__parent":"beach_ruins","position":[-353.28009,389.319855,33.5167122],"isRenderEnabled":false,"rotationMatrix":[-1.49011612e-07,0.99999994,0,-0.99999994,-1.49011612e-07,0,0,0,1],"shapeName":"/levels/industrial/art/shapes/buildings/mine_conveyor/concrete_cylinder_block.dae","useInstanceRenderData":true}
{"class":"TSStatic","persistentId":"759103dc-7236-4940-9f98-29caccc6990b","__parent":"beach_ruins","position":[-368.593719,222.030655,31.7509766],"isRenderEnabled":false,"rotationMatrix":[-0.666004062,-0.743449688,-0.0610350557,0.375272661,-0.263215095,-0.888753355,0.644678116,-0.614815116,0.454295695],"shapeName":"/levels/industrial/art/shapes/buildings/power_lines/metal_pole.dae","useInstanceRenderData":true}
{"class":"TSStatic","persistentId":"7b151708-1ec8-40a6-9105-9a38adfbd8af","__parent":"beach_ruins","position":[-371.959473,274.68634,30.0890331],"annotation":"BUILDINGS","isRenderEnabled":false,"rotationMatrix":[-0.213514268,-0.898778856,-0.382889748,0.517519653,0.228362978,-0.824638069,0.828602791,-0.374226034,0.416374832],"scale":[1.39999998,1.39999998,1.39999998],"shapeName":"/levels/industrial/art/shapes/buildings/mine_conveyor/water_tank_02.dae","useInstanceRenderData":true}
{"class":"TSStatic","persistentId":"80613071-a45c-4fc6-8a31-28979ce90cfe","__parent":"beach_ruins","position":[-343.042694,161.1129,31.0020332],"annotation":"BUILDINGS","isRenderEnabled":false,"rotationMatrix":[0.0401192047,-0.999194741,0,0.999194741,0.0401192047,0,0,0,1],"shapeName":"/levels/industrial/art/shapes/buildings/tankfarm/ind_long_tank.DAE","useInstanceRenderData":true}
{"class":"TSStatic","persistentId":"822237b2-5783-4d29-a516-e76693e60786","__parent":"beach_ruins","position":[-360.765411,154.780457,32.5711861],"annotation":"BUILDINGS","isRenderEnabled":false,"rotationMatrix":[-0.432289809,0.901734114,0,-0.901734114,-0.432289809,0,0,0,1],"shapeName":"/levels/industrial/art/shapes/buildings/tankfarm/ind_small_tank.DAE","useInstanceRenderData":true}
{"class":"TSStatic","persistentId":"8801dc57-913c-4009-90f6-7a71c8e1e29e","__parent":"beach_ruins","position":[-346.864655,407.786407,35.5590172],"isRenderEnabled":false,"rotationMatrix":[-0.518849075,-0.854869306,0.00149333407,0.306164205,-0.184194311,0.933985412,-0.79815799,0.485062271,0.357297063],"shapeName":"/levels/industrial/art/shapes/buildings/mine_conveyor/conveyor_25m.dae","useInstanceRenderData":true}
{"class":"TSStatic","persistentId":"919ed78c-4208-4888-bf97-15e31196689a","__parent":"beach_ruins","position":[-373.895721,273.348511,35.1173401],"isRenderEnabled":false,"rotationMatrix":[1,-1.2344529e-08,-5.96046448e-08,-5.96046448e-08,3.10862447e-15,-1,1.23445272e-08,1,4.4408921e-16],"scale":[1.39999998,1.39999998,1.39999998],"shapeName":"/levels/industrial/art/shapes/buildings/debris/debris_m_barlong.DAE","useInstanceRenderData":true}
{"class":"TSStatic","persistentId":"95ea952e-e259-4eaf-8b11-b7e3c68b7a7f","__parent":"beach_ruins","position":[-343.803558,258.89444,31.2929688],"isRenderEnabled":false,"rotationMatrix":[0.755732119,-0.480771482,0.444663793,-0.0199853592,0.661753774,0.749458969,-0.65457803,-0.575272202,0.49049744],"shapeName":"/levels/industrial/art/shapes/buildings/mine_conveyor/conveyor_support.dae","useInstanceRenderData":true}
{"class":"TSStatic","persistentId":"9d2d7d7a-29a0-4eb6-9d23-fe4fedfe06bd","__parent":"beach_ruins","position":[153.43013,398.70105,34.5522346],"annotation":"BUILDINGS","isRenderEnabled":false,"rotationMatrix":[-0.979753375,-0.200208902,0,0.200208902,-0.979753375,0,0,0,1],"scale":[1.20000005,1.20000005,1.20000005],"shapeName":"/levels/industrial/art/shapes/buildings/ind_bld_tin_01_a.dae"}
{"class":"TSStatic","persistentId":"a136c098-b0aa-4494-89af-f5a104cbb65f","__parent":"beach_ruins","position":[-356.277161,389.325256,33.5167122],"isRenderEnabled":false,"rotationMatrix":[-1.49011612e-07,0.99999994,0,-0.99999994,-1.49011612e-07,0,0,0,1],"shapeName":"/levels/industrial/art/shapes/buildings/mine_conveyor/concrete_cylinder_block.dae","useInstanceRenderData":true}
{"class":"TSStatic","persistentId":"a3da16d5-7794-419a-b2c0-2bb9bf5b6dd2","__parent":"beach_ruins","position":[-370.902283,276.365417,31.9902115],"isRenderEnabled":false,"rotationMatrix":[-1.49011612e-07,0.99999994,0,-0.99999994,-1.49011612e-07,0,0,0,1],"shapeName":"/levels/industrial/art/shapes/buildings/mine_conveyor/concrete_cylinder_block.dae","useInstanceRenderData":true}
{"class":"TSStatic","persistentId":"a78a48ad-b410-4b6d-8d7a-b50f878bc3f4","__parent":"beach_ruins","position":[-343.515045,405.403381,34.3935471],"isRenderEnabled":false,"rotationMatrix":[0.596892118,-0.801037371,0.0453786962,0.042094294,0.0877470374,0.995252371,-0.80121547,-0.592148483,0.0860951543],"shapeName":"/levels/industrial/art/shapes/buildings/power_lines/metal_pole.dae","useInstanceRenderData":true}
{"class":"TSStatic","persistentId":"ad9d694f-a11e-4f98-be1b-9f8d9a05e079","__parent":"beach_ruins","position":[-375.835297,299.756836,32.1778793],"isRenderEnabled":false,"shapeName":"/levels/industrial/art/shapes/buildings/mine_conveyor/concrete_cylinder_block.dae","useInstanceRenderData":true}
{"class":"TSStatic","persistentId":"b472d5df-6e93-4da4-9146-9a018e961e03","__parent":"beach_ruins","position":[-356.699066,155.219803,27.9484234],"isRenderEnabled":false,"rotationMatrix":[-5.96046448e-08,0.99999994,0,-0.99999994,-5.96046448e-08,0,0,0,1],"shapeName":"/levels/industrial/art/shapes/buildings/mine_conveyor/conveyor_support.dae","useInstanceRenderData":true}
{"class":"TSStatic","persistentId":"b4fe69ad-a336-44d7-9e4e-b38dad3468ed","__parent":"beach_ruins","position":[-373.899353,276.370819,31.9902115],"isRenderEnabled":false,"rotationMatrix":[-1.49011612e-07,0.99999994,0,-0.99999994,-1.49011612e-07,0,0,0,1],"shapeName":"/levels/industrial/art/shapes/buildings/mine_conveyor/concrete_cylinder_block.dae","useInstanceRenderData":true}
{"class":"TSStatic","persistentId":"b7695f3d-2289-4c49-8e36-79d1389a45ac","__parent":"beach_ruins","position":[-352.162567,342.999512,34.6564331],"isRenderEnabled":false,"shapeName":"/levels/industrial/art/shapes/buildings/debris/metal_pile.DAE"}
{"class":"TSStatic","persistentId":"dfd3dfea-0a8b-410e-aef1-8f1d86547a10","__parent":"beach_ruins","position":[-340.578369,263.011719,30.7893791],"annotation":"BUILDINGS","isRenderEnabled":false,"scale":[1.20000005,1.20000005,1.20000005],"shapeName":"/levels/industrial/art/shapes/buildings/mine_conveyor/water_tank_02.dae","useInstanceRenderData":true}
{"class":"TSStatic","persistentId":"e7e41f81-a246-495f-baf7-c4da6d802440","__parent":"beach_ruins","position":[-373.341003,276.606842,35.0283394],"isRenderEnabled":false,"rotationMatrix":[-0.947492361,0.108359285,0.300861627,0.316413492,0.181513622,0.93109268,0.0462821685,0.977400184,-0.206270486],"scale":[1.29999995,1.29999995,1.29999995],"shapeName":"/levels/industrial/art/shapes/buildings/debris/debris_m_barbent_a.DAE","useInstanceRenderData":true}
{"class":"TSStatic","persistentId":"e9fb9e66-a308-4f1b-8832-109ac6a9e1dd","__parent":"beach_ruins","position":[-344.899689,325.07016,35.4140778],"isRenderEnabled":false,"shapeName":"/levels/industrial/art/shapes/buildings/debris/small_pile_c.DAE"}
{"class":"TSStatic","persistentId":"eeee1578-4427-42a5-8971-3fba8d3e707a","__parent":"beach_ruins","position":[-346.514679,407.10321,34.313179],"isRenderEnabled":false,"rotationMatrix":[0.95895952,-0.212269798,-0.187985092,0.196015403,0.0172482841,0.980450809,-0.204878122,-0.977058768,0.0581494756],"shapeName":"/levels/industrial/art/shapes/buildings/mine_conveyor/conveyor_support.dae","useInstanceRenderData":true}
{"class":"TSStatic","persistentId":"f150d688-7197-4e2c-bcd2-2490122eee1e","__parent":"beach_ruins","position":[-338.377716,328.417175,34.5806694],"isRenderEnabled":false,"rotationMatrix":[0.95278573,-0.0971199721,0.287684232,-0.244290665,0.317496568,0.916252077,-0.180324867,-0.943274975,0.278781474],"shapeName":"/levels/industrial/art/shapes/buildings/power_lines/metal_pole.dae","useInstanceRenderData":true}
{"class":"TSStatic","persistentId":"f4e3d5aa-352e-49b4-b73d-eba5e0889628","__parent":"beach_ruins","position":[-359.173309,324.977997,34.1526756],"isRenderEnabled":false,"shapeName":"/levels/industrial/art/shapes/buildings/debris/metal_pile.DAE"}
{"class":"TSStatic","persistentId":"fb5eeaaf-e76a-4b13-ada4-32e8b105a13e","__parent":"beach_ruins","position":[-348.269958,184.021225,32.2135696],"isRenderEnabled":false,"rotationMatrix":[0.997118056,3.49072457e-06,-0.0758662969,0.00531118317,0.997543097,0.0698513016,0.0756801739,-0.0700528994,0.994668245],"shapeName":"/levels/industrial/art/shapes/buildings/power_lines/metal_pole.dae","useInstanceRenderData":true}
{"name":"concrete_ruin_wall_01","internalName":"concrete_ruin_wall_01","class":"Prefab","persistentId":"087587cb-a5de-416d-94fb-e4e84f15b8f4","__parent":"beach_ruins","position":[-357.602783,210.255981,32.1552658],"annotation":"OBSTACLES","filename":"/levels/industrial/art/prefabs/concrete_ruin_wall_01.prefab.json","rotationMatrix":[-0.0207132716,0.99977982,0.00336815184,0.999698222,0.0206668228,0.0132856937,0.0132131577,0.00364232529,-0.999906123]}
{"name":"concrete_ruin_wall_02","internalName":"concrete_ruin_wall_02","class":"Prefab","persistentId":"08faaf8b-d832-4c49-9c42-273b350ff835","__parent":"beach_ruins","position":[-325.212677,411.32486,35.2166023],"annotation":"OBSTACLES","filename":"/levels/industrial/art/prefabs/concrete_ruin_wall_02.prefab.json","rotationMatrix":[2.46890473e-08,-8.42936885e-08,0.99999994,-0.999999881,-2.98023224e-08,2.46890401e-08,2.98023224e-08,-1,-8.42937027e-08]}
{"name":"concrete_ruin_wall_02_77419","internalName":"concrete_ruin_wall_02","class":"Prefab","persistentId":"0de6c888-aef9-4d6d-aafa-c4ae1d603ad3","__parent":"beach_ruins","position":[-353.738434,166.635559,32.1685715],"annotation":"OBSTACLES","filename":"/levels/industrial/art/prefabs/concrete_ruin_wall_02.prefab.json","rotationMatrix":[-0.085048601,-0.996377587,0,0.996377587,-0.085048601,0,0,0,1]}
{"name":"concrete_ruin_wall_02_77426","internalName":"concrete_ruin_wall_02","class":"Prefab","persistentId":"0f11b3c7-db7d-4a6c-ab4b-46e9df048dc1","__parent":"beach_ruins","position":[-350.813446,371.444794,34.5399132],"annotation":"OBSTACLES","filename":"/levels/industrial/art/prefabs/concrete_ruin_wall_02.prefab.json","rotationMatrix":[-0.99881798,-0.0486023352,0,0.0486023352,-0.99881798,0,0,0,1]}
{"name":"concrete_ruin_wall_01_77433","internalName":"concrete_ruin_wall_01","class":"Prefab","persistentId":"0fa7db0d-129c-4570-bf1a-38baabeb0ae2","__parent":"beach_ruins","position":[-356.849701,220.804337,32.0838776],"annotation":"OBSTACLES","filename":"/levels/industrial/art/prefabs/concrete_ruin_wall_01.prefab.json","rotationMatrix":[-0.059253227,-0.99824369,0,0.99824369,-0.059253227,0,0,0,1]}
{"name":"concrete_ruin_wall_01_77440","internalName":"concrete_ruin_wall_01","class":"Prefab","persistentId":"14c525d4-b7ce-4376-956d-70d558403976","__parent":"beach_ruins","position":[-366.458008,169.133072,35.3192902],"annotation":"OBSTACLES","filename":"/levels/industrial/art/prefabs/concrete_ruin_wall_01.prefab.json","rotationMatrix":[-0.0477895588,0.998857498,-1.70974346e-14,2.97681471e-08,1.42425094e-09,1,0.998857498,0.0477895588,-2.98021998e-08]}
{"name":"concrete_ruin_02","internalName":"concrete_ruin_02","class":"Prefab","persistentId":"17e7cf93-7b3f-4680-9ce9-9c21b1d4c00f","__parent":"beach_ruins","position":[-327.714661,355.469849,35.4108658],"annotation":"OBSTACLES","filename":"/levels/industrial/art/prefabs/concrete_ruin_02.prefab.json"}
{"name":"concrete_ruin_wall_02_77485","internalName":"concrete_ruin_wall_02","class":"Prefab","persistentId":"1c13a37c-5591-4355-a987-3c7741e2107b","__parent":"beach_ruins","position":[-337.517365,357.145172,34.6652451],"annotation":"OBSTACLES","filename":"/levels/industrial/art/prefabs/concrete_ruin_wall_02.prefab.json","rotationMatrix":[0.998773873,-0.0485498272,0.00981308334,-0.0485170335,-0.998816133,-0.00354763935,0.00997294579,0.00306726666,-0.999946654]}
{"name":"concrete_ruin_wall_01_77492","internalName":"concrete_ruin_wall_01","class":"Prefab","persistentId":"20d0e512-3e75-45ff-9c29-8e0ef4fa8ece","__parent":"beach_ruins","position":[-376.167969,293.910034,33.6395683],"annotation":"OBSTACLES","filename":"/levels/industrial/art/prefabs/concrete_ruin_wall_01.prefab.json","rotationMatrix":[0.00925715454,0.999957204,8.74300632e-15,2.98007432e-08,-2.75890616e-10,1,0.999957204,-0.00925715454,-2.98020222e-08]}
{"name":"concrete_ruin_wall_02_77499","internalName":"concrete_ruin_wall_02","class":"Prefab","persistentId":"21ce4e76-099c-4f1e-ae7a-bee675337b60","__parent":"beach_ruins","position":[-352.638123,338.24472,34.5037117],"annotation":"OBSTACLES","filename":"/levels/industrial/art/prefabs/concrete_ruin_wall_02.prefab.json","rotationMatrix":[0.998773873,-0.0485498272,0.00981308334,-0.0485170335,-0.998816133,-0.00354763935,0.00997294579,0.00306726666,-0.999946654]}
{"name":"concrete_ruin_02_77506","internalName":"concrete_ruin_02","class":"Prefab","persistentId":"2223338e-f556-4930-bb41-93e9720f3b8d","__parent":"beach_ruins","position":[-386.839691,315.078369,34.3681793],"annotation":"OBSTACLES","filename":"/levels/industrial/art/prefabs/concrete_ruin_02.prefab.json","rotationMatrix":[0.736782491,0.676130891,0,-0.676130891,0.736782491,0,0,0,1]}
{"name":"concrete_ruin_wall_02_77544","internalName":"concrete_ruin_wall_02","class":"Prefab","persistentId":"236bbf38-de5b-4fc7-a036-5fcf5cd66bd7","__parent":"beach_ruins","position":[-349.879822,174.437805,32.1794167],"annotation":"OBSTACLES","filename":"/levels/industrial/art/prefabs/concrete_ruin_wall_02.prefab.json"}
{"name":"concrete_ruin_wall_02_77551","internalName":"concrete_ruin_wall_02","class":"Prefab","persistentId":"25eff9df-9864-4aaa-8eec-53f7b1269b60","__parent":"beach_ruins","position":[-353.856659,224.181076,32.1438942],"annotation":"OBSTACLES","filename":"/levels/industrial/art/prefabs/concrete_ruin_wall_02.prefab.json"}
{"name":"concrete_ruin_03","internalName":"concrete_ruin_03","class":"Prefab","persistentId":"3e3feb08-fcc2-43aa-86db-13ee3780afbd","__parent":"beach_ruins","position":[-358.552002,372.63028,34.5767784],"annotation":"OBSTACLES","filename":"/levels/industrial/art/prefabs/concrete_ruin_03.prefab.json"}
{"name":"concrete_ruin_wall_01_77602","internalName":"concrete_ruin_wall_01","class":"Prefab","persistentId":"47960266-28d7-4f61-aa30-4513b564711c","__parent":"beach_ruins","position":[-358.103302,252.125366,32.2442741],"annotation":"OBSTACLES","filename":"/levels/industrial/art/prefabs/concrete_ruin_wall_01.prefab.json","rotationMatrix":[-0.148983374,0.987622797,-0.0490993299,-0.988749802,-0.149472967,-0.00641743187,-0.0136773549,0.0475906059,0.998776019]}
{"name":"concrete_ruin_wall_02_77609","internalName":"concrete_ruin_wall_02","class":"Prefab","persistentId":"49cf42a3-69f1-4345-b268-15fd33f7452f","__parent":"beach_ruins","position":[-354.811676,152.519196,32.1452293],"annotation":"OBSTACLES","filename":"/levels/industrial/art/prefabs/concrete_ruin_wall_02.prefab.json","rotationMatrix":[-0.999168813,-0.0407641903,0,0.0407641903,-0.999168813,0,0,0,1]}
{"name":"concrete_ruin_wall_02_77616","internalName":"concrete_ruin_wall_02","class":"Prefab","persistentId":"4e1c2e80-535c-4243-a0ea-72bee82aac7b","__parent":"beach_ruins","position":[-334.398651,337.419952,38.1612434],"annotation":"OBSTACLES","filename":"/levels/industrial/art/prefabs/concrete_ruin_wall_02.prefab.json","rotationMatrix":[0.999999881,-1.68762801e-06,5.66245092e-07,-5.6624549e-07,6.99038935e-07,0.999999881,-1.68762745e-06,-0.999999881,6.99037571e-07]}
{"name":"concrete_ruin_wall_02_77623","internalName":"concrete_ruin_wall_02","class":"Prefab","persistentId":"4f7343ae-93c4-4250-a85d-b002b69364ab","__parent":"beach_ruins","position":[-352.415619,351.912567,34.5598335],"annotation":"OBSTACLES","filename":"/levels/industrial/art/prefabs/concrete_ruin_wall_02.prefab.json","rotationMatrix":[0.998773873,-0.0485498272,0.00981308334,-0.0485170335,-0.998816133,-0.00354763935,0.00997294579,0.00306726666,-0.999946654]}
{"name":"concrete_ruin_wall_02_77630","internalName":"concrete_ruin_wall_02","class":"Prefab","persistentId":"5159bc6c-6a37-4dd8-9b9a-9d9fbaf36665","__parent":"beach_ruins","position":[-351.274414,160.472122,32.1343842],"annotation":"OBSTACLES","filename":"/levels/industrial/art/prefabs/concrete_ruin_wall_02.prefab.json","rotationMatrix":[0.0443604589,0.999015629,0,-0.999015689,0.0443604626,0,0,0,1]}
{"name":"concrete_ruin_wall_02_77637","internalName":"concrete_ruin_wall_02","class":"Prefab","persistentId":"570f743c-d62a-450c-8fab-365c5cdf8ee5","__parent":"beach_ruins","position":[-356.376953,306.579224,33.1811943],"annotation":"OBSTACLES","filename":"/levels/industrial/art/prefabs/concrete_ruin_wall_02.prefab.json","rotationMatrix":[-0.524325967,-0.838027775,-0.150966465,0.842355847,-0.536404014,0.0520228595,-0.124575734,-0.0998902321,0.987168193]}
{"name":"concrete_ruin_wall_01_77644","internalName":"concrete_ruin_wall_01","class":"Prefab","persistentId":"5862dde0-dbc9-4517-927b-a237acad14eb","__parent":"beach_ruins","position":[-358.136047,225.167252,32.0899124],"annotation":"OBSTACLES","filename":"/levels/industrial/art/prefabs/concrete_ruin_wall_01.prefab.json"}
{"name":"concrete_ruin_wall_02_77651","internalName":"concrete_ruin_wall_02","class":"Prefab","persistentId":"61486c79-15c8-41b8-af35-c49b1c67a18d","__parent":"beach_ruins","position":[-357.715271,216.378845,32.133049],"annotation":"OBSTACLES","filename":"/levels/industrial/art/prefabs/concrete_ruin_wall_02.prefab.json","rotationMatrix":[-0.085048601,-0.996377587,0,0.996377587,-0.085048601,0,0,0,1]}
{"name":"concrete_ruin_01","internalName":"concrete_ruin_01","class":"Prefab","persistentId":"62999684-fdce-4985-b48f-87e990ddffa0","__parent":"beach_ruins","position":[-328.001404,384.957153,35.5992966],"annotation":"OBSTACLES","filename":"/levels/industrial/art/prefabs/concrete_ruin_01.prefab.json"}
{"name":"concrete_ruin_wall_01_77681","internalName":"concrete_ruin_wall_01","class":"Prefab","persistentId":"63740760-199f-4162-9c23-b0fd47caa290","__parent":"beach_ruins","position":[-335.94519,331.767426,38.0580139],"annotation":"OBSTACLES","filename":"/levels/industrial/art/prefabs/concrete_ruin_wall_01.prefab.json","rotationMatrix":[2.12852257e-07,0.99999994,-2.98022762e-08,-8.94069672e-08,-2.98023082e-08,-1,-0.999999881,2.12852257e-07,2.98023224e-08]}
{"name":"concrete_ruin_wall_01_77688","internalName":"concrete_ruin_wall_01","class":"Prefab","persistentId":"64ad42e7-4356-4da1-82aa-9e894895bd35","__parent":"beach_ruins","position":[-351.958832,156.015045,32.0852127],"annotation":"OBSTACLES","filename":"/levels/industrial/art/prefabs/concrete_ruin_wall_01.prefab.json","rotationMatrix":[0.0185115114,0.999828696,0,-0.999828696,0.0185115114,0,0,0,1]}
{"name":"concrete_ruin_wall_01_77695","internalName":"concrete_ruin_wall_01","class":"Prefab","persistentId":"66d83c5d-da18-4e06-a6a8-27e8154759c0","__parent":"beach_ruins","position":[-353.697266,218.044022,32.1563797],"annotation":"OBSTACLES","filename":"/levels/industrial/art/prefabs/concrete_ruin_wall_01.prefab.json","rotationMatrix":[-0.0200591125,-0.999793828,0.00336815882,-0.999714732,0.0201019458,0.0132859601,-0.0133511024,-0.00310068578,-0.999907851]}
{"name":"concrete_ruin_wall_01_77702","internalName":"concrete_ruin_wall_01","class":"Prefab","persistentId":"6872d0da-8aa7-4028-b433-341589241426","__parent":"beach_ruins","position":[-360.836487,300.611389,32.2147827],"annotation":"OBSTACLES","filename":"/levels/industrial/art/prefabs/concrete_ruin_wall_01.prefab.json","rotationMatrix":[0.878191948,-0.478301913,-0.00278690504,0.476952076,0.875244796,0.0804121494,-0.0360225551,-0.0719464943,0.996756613]}
{"name":"concrete_ruin_wall_02_77709","internalName":"concrete_ruin_wall_02","class":"Prefab","persistentId":"68ca71e1-99b7-49c7-b65c-080ef01527c6","__parent":"beach_ruins","position":[-333.760345,333.657196,38.0999718],"annotation":"OBSTACLES","filename":"/levels/industrial/art/prefabs/concrete_ruin_wall_02.prefab.json","rotationMatrix":[-0.0240815058,-0.999683976,0.00724219065,-0.847664833,0.0242587291,0.529975593,-0.529983819,0.00662353309,-0.847980022]}
{"name":"concrete_ruin_wall_02_77716","internalName":"concrete_ruin_wall_02","class":"Prefab","persistentId":"6941dcdc-e2a0-479c-87ed-2ea86bf35a33","__parent":"beach_ruins","position":[-376.231293,288.000977,33.4831848],"annotation":"OBSTACLES","filename":"/levels/industrial/art/prefabs/concrete_ruin_wall_02.prefab.json","rotationMatrix":[8.45183337e-08,2.39077647e-08,1,-0.00925715454,-0.999957204,2.46891414e-08,0.999957204,-0.00925715454,-8.42933972e-08]}
{"name":"concrete_ruin_03_77723","internalName":"concrete_ruin_03","class":"Prefab","persistentId":"6b4cbbf1-ca1b-4e7c-9dac-460fe2719720","__parent":"beach_ruins","position":[-360.247894,342.608765,34.5767746],"annotation":"OBSTACLES","filename":"/levels/industrial/art/prefabs/concrete_ruin_03.prefab.json","rotationMatrix":[-0.999999881,1.49011612e-07,0,-1.49011612e-07,-0.999999881,0,0,0,1]}
{"name":"concrete_ruin_wall_01_77767","internalName":"concrete_ruin_wall_01","class":"Prefab","persistentId":"6db70007-80f6-4d66-b171-ef37153519cf","__parent":"beach_ruins","position":[-355.22113,158.644669,32.1577148],"annotation":"OBSTACLES","filename":"/levels/industrial/art/prefabs/concrete_ruin_wall_01.prefab.json","rotationMatrix":[-0.0207132716,0.99977982,0.00336815184,0.999698222,0.0206668228,0.0132856937,0.0132131577,0.00364232529,-0.999906123]}
{"name":"concrete_ruin_wall_02_77774","internalName":"concrete_ruin_wall_02","class":"Prefab","persistentId":"6f98eb3f-0242-4449-9732-8cab62c926b5","__parent":"beach_ruins","position":[-336.415283,364.470825,34.6266937],"annotation":"OBSTACLES","filename":"/levels/industrial/art/prefabs/concrete_ruin_wall_02.prefab.json","rotationMatrix":[0.998773873,-0.0485498272,0.00981308334,-0.0485170335,-0.998816133,-0.00354763935,0.00997294579,0.00306726666,-0.999946654]}
{"name":"concrete_ruin_wall_01_77781","internalName":"concrete_ruin_wall_01","class":"Prefab","persistentId":"72653844-9d08-4d29-b23d-13c6ed63a4cb","__parent":"beach_ruins","position":[-350.495758,151.708237,32.0912476],"annotation":"OBSTACLES","filename":"/levels/industrial/art/prefabs/concrete_ruin_wall_01.prefab.json","rotationMatrix":[-0.999168813,-0.0407641903,0,0.0407641903,-0.999168813,0,0,0,1]}
{"name":"concrete_ruin_wall_02_77788","internalName":"concrete_ruin_wall_02","class":"Prefab","persistentId":"74956f16-8c99-4ffc-9212-1c01063692e5","__parent":"beach_ruins","position":[-349.131653,155.908554,32.145977],"annotation":"OBSTACLES","filename":"/levels/industrial/art/prefabs/concrete_ruin_wall_02.prefab.json","rotationMatrix":[0.993912756,0.110169642,0,-0.110169642,0.993912756,0,0,0,1]}
{"name":"concrete_ruin_wall_02_77795","internalName":"concrete_ruin_wall_02","class":"Prefab","persistentId":"7542e7cf-f9fc-4c68-873b-412df31ab5bd","__parent":"beach_ruins","position":[-359.670013,221.026031,32.1446419],"annotation":"OBSTACLES","filename":"/levels/industrial/art/prefabs/concrete_ruin_wall_02.prefab.json","rotationMatrix":[-0.997576952,-0.0695619807,0,0.0695619807,-0.997576952,0,0,0,1]}
{"name":"concrete_ruin_01_77802","internalName":"concrete_ruin_01","class":"Prefab","persistentId":"759258b0-de58-4bc5-b0c3-cfc92688a120","__parent":"beach_ruins","position":[-331.75531,332.045807,35.5992966],"annotation":"OBSTACLES","filename":"/levels/industrial/art/prefabs/concrete_ruin_01.prefab.json","rotationMatrix":[-1.49011612e-07,-0.99999994,0,0.99999994,-1.49011612e-07,0,0,0,1]}
{"name":"concrete_ruin_wall_02_77825","internalName":"concrete_ruin_wall_02","class":"Prefab","persistentId":"7d19a2c1-cc3a-4bbe-9f87-85d725f5ab96","__parent":"beach_ruins","position":[-369.356049,171.914886,35.688118],"annotation":"OBSTACLES","filename":"/levels/industrial/art/prefabs/concrete_ruin_wall_02.prefab.json","rotationMatrix":[2.84848878e-09,-5.95364149e-08,1,-0.998857498,-0.0477895588,1.5321076e-14,0.0477895588,-0.998857498,-5.9604524e-08]}
{"name":"concrete_ruin_wall_01_77832","internalName":"concrete_ruin_wall_01","class":"Prefab","persistentId":"7f82a955-e151-4b86-8977-70ff2f209213","__parent":"beach_ruins","position":[-356.689178,277.768707,32.1324348],"annotation":"OBSTACLES","filename":"/levels/industrial/art/prefabs/concrete_ruin_wall_01.prefab.json","rotationMatrix":[-0.149832964,0.98871094,0.00222583674,-0.988615036,-0.149850056,0.0138281798,0.0140052121,-0.000128587708,0.999903321]}
{"name":"concrete_ruin_wall_01_77839","internalName":"concrete_ruin_wall_01","class":"Prefab","persistentId":"8b28d468-44a0-45b9-804f-0d0dec5185a6","__parent":"beach_ruins","position":[-359.469666,303.375458,32.5126953],"annotation":"OBSTACLES","filename":"/levels/industrial/art/prefabs/concrete_ruin_wall_01.prefab.json","rotationMatrix":[-0.800513506,0.598954856,0.020819651,-0.597774327,-0.795479476,-0.0994095728,-0.0429805443,-0.0920239687,0.99483043]}
{"name":"concrete_ruin_02_77846","internalName":"concrete_ruin_02","class":"Prefab","persistentId":"8dc6af6d-5ddf-4c17-a13a-1800b4611dde","__parent":"beach_ruins","position":[-380.240784,255.36792,33.7777901],"annotation":"OBSTACLES","filename":"/levels/industrial/art/prefabs/concrete_ruin_02.prefab.json"}
{"name":"concrete_ruin_wall_01_77884","internalName":"concrete_ruin_wall_01","class":"Prefab","persistentId":"93b55aa5-be46-419a-b5fe-79d6b36dd6f0","__parent":"beach_ruins","position":[-341.689026,324.534241,35.4511948],"annotation":"OBSTACLES","filename":"/levels/industrial/art/prefabs/concrete_ruin_wall_01.prefab.json","rotationMatrix":[0.999999881,6.06930044e-08,-4.68925577e-07,-1.94136618e-07,0.966592312,-0.256317496,4.95316613e-07,0.256317437,0.966592371]}
{"name":"concrete_ruin_wall_01_77891","internalName":"concrete_ruin_wall_01","class":"Prefab","persistentId":"96943191-8233-4a87-bc3a-7c596993079f","__parent":"beach_ruins","position":[-350.891937,365.565063,34.5269814],"annotation":"OBSTACLES","filename":"/levels/industrial/art/prefabs/concrete_ruin_wall_01.prefab.json","rotationMatrix":[0.0848824233,0.996310055,0.0127170887,-0.996125698,0.0845582038,0.0241787601,0.0230141617,-0.0147201512,0.99962616]}
{"name":"concrete_ruin_01_77898","internalName":"concrete_ruin_01","class":"Prefab","persistentId":"97957efd-641e-4f7a-bdb6-3ece064133ea","__parent":"beach_ruins","position":[-340.843658,218.189835,33.5586014],"annotation":"OBSTACLES","filename":"/levels/industrial/art/prefabs/concrete_ruin_01.prefab.json"}
{"name":"concrete_ruin_wall_02_77921","internalName":"concrete_ruin_wall_02","class":"Prefab","persistentId":"a4bae998-9929-446a-81a6-522746103a68","__parent":"beach_ruins","position":[-352.603607,346.932526,34.6489639],"annotation":"OBSTACLES","filename":"/levels/industrial/art/prefabs/concrete_ruin_wall_02.prefab.json","rotationMatrix":[-0.99881798,-0.0486023352,0,0.0486023352,-0.99881798,0,0,0,1]}
{"name":"concrete_ruin_wall_02_77928","internalName":"concrete_ruin_wall_02","class":"Prefab","persistentId":"a4d43d35-6c48-4378-a951-a88ac0e0f96a","__parent":"beach_ruins","position":[-351.513306,207.519867,32.143528],"annotation":"OBSTACLES","filename":"/levels/industrial/art/prefabs/concrete_ruin_wall_02.prefab.json","rotationMatrix":[0.993912756,0.110169642,0,-0.110169642,0.993912756,0,0,0,1]}
{"name":"concrete_ruin_wall_01_77935","internalName":"concrete_ruin_wall_01","class":"Prefab","persistentId":"a6a9d9f7-2dc2-49a9-9879-64028241d7e7","__parent":"beach_ruins","position":[-354.15921,175.423981,32.1254349],"annotation":"OBSTACLES","filename":"/levels/industrial/art/prefabs/concrete_ruin_wall_01.prefab.json"}
{"name":"concrete_ruin_wall_02_77942","internalName":"concrete_ruin_wall_02","class":"Prefab","persistentId":"a6e08a6c-10b0-4f5f-a5a0-8064e5e55d18","__parent":"beach_ruins","position":[-350.572418,276.63736,33.7601509],"annotation":"OBSTACLES","filename":"/levels/industrial/art/prefabs/concrete_ruin_wall_02.prefab.json","rotationMatrix":[5.93441953e-08,-5.56439428e-09,1,-0.0933553651,-0.995632887,4.88498088e-15,0.995632887,-0.0933553651,-5.96044991e-08]}
{"name":"concrete_ruin_wall_02_77949","internalName":"concrete_ruin_wall_02","class":"Prefab","persistentId":"a6ec4abd-217b-4e66-b89c-f6e65a60a061","__parent":"beach_ruins","position":[-340.491364,337.199951,34.6589088],"annotation":"OBSTACLES","filename":"/levels/industrial/art/prefabs/concrete_ruin_wall_02.prefab.json","rotationMatrix":[0.998773873,-0.0485498272,0.00981308334,-0.0485170335,-0.998816133,-0.00354763935,0.00997294579,0.00306726666,-0.999946654]}
{"name":"concrete_ruin_wall_02_77956","internalName":"concrete_ruin_wall_02","class":"Prefab","persistentId":"a7e7af50-7aa7-4d05-9c52-42918abc38f2","__parent":"beach_ruins","position":[-355.693176,171.282745,32.1801643],"annotation":"OBSTACLES","filename":"/levels/industrial/art/prefabs/concrete_ruin_wall_02.prefab.json","rotationMatrix":[-0.997576952,-0.0695619807,0,0.0695619807,-0.997576952,0,0,0,1]}
{"name":"concrete_ruin_03_77963","internalName":"concrete_ruin_03","class":"Prefab","persistentId":"b056f321-2c3c-44a9-808a-3d7e30b7e921","__parent":"beach_ruins","position":[-377.053101,212.853561,34.5767784],"annotation":"OBSTACLES","filename":"/levels/industrial/art/prefabs/concrete_ruin_03.prefab.json","rotationMatrix":[-0.997439981,-0.0715046376,0,0.0715046376,-0.997439981,0,0,0,1]}
{"name":"concrete_ruin_03_78007","internalName":"concrete_ruin_03","class":"Prefab","persistentId":"b06a4569-a8c6-46a9-9908-c6200840eb41","__parent":"beach_ruins","position":[-334.413605,316.088837,34.356308],"annotation":"OBSTACLES","filename":"/levels/industrial/art/prefabs/concrete_ruin_03.prefab.json","rotationMatrix":[2.38418579e-07,0.999999881,0,-0.999999881,2.38418579e-07,0,0,0,1]}
{"name":"concrete_ruin_wall_01_78051","internalName":"concrete_ruin_wall_01","class":"Prefab","persistentId":"ba4a9cbe-f400-45ca-8847-d1e2c3b3928f","__parent":"beach_ruins","position":[-319.303314,411.316376,35.3729858],"annotation":"OBSTACLES","filename":"/levels/industrial/art/prefabs/concrete_ruin_wall_01.prefab.json","rotationMatrix":[1,0,0,0,-2.98023224e-08,1,0,-1,-2.98023224e-08]}
{"name":"concrete_ruin_wall_01_78058","internalName":"concrete_ruin_wall_01","class":"Prefab","persistentId":"c165bbb5-5a7c-4713-865f-482068ac8e7d","__parent":"beach_ruins","position":[-354.340485,207.626358,32.0827637],"annotation":"OBSTACLES","filename":"/levels/industrial/art/prefabs/concrete_ruin_wall_01.prefab.json","rotationMatrix":[0.0185115114,0.999828696,0,-0.999828696,0.0185115114,0,0,0,1]}
{"name":"concrete_ruin_wall_01_78065","internalName":"concrete_ruin_wall_01","class":"Prefab","persistentId":"c22e3609-7af0-4b27-9834-6771a4220d96","__parent":"beach_ruins","position":[-368.320068,300.780548,32.1086769],"annotation":"OBSTACLES","filename":"/levels/industrial/art/prefabs/concrete_ruin_wall_01.prefab.json","rotationMatrix":[0.367314994,0.929762423,0.0249378029,-0.930055857,0.367419839,0.000416498136,-0.00877546426,-0.0233465005,0.999688089]}
{"name":"concrete_ruin_wall_02_78072","internalName":"concrete_ruin_wall_02","class":"Prefab","persistentId":"c37eb0c8-c2cd-4198-a161-8c5017bf10af","__parent":"beach_ruins","position":[-366.184357,163.229797,35.1629066],"annotation":"OBSTACLES","filename":"/levels/industrial/art/prefabs/concrete_ruin_wall_02.prefab.json","rotationMatrix":[8.30160403e-08,2.86893425e-08,1,0.0477895588,-0.998857498,2.4689264e-08,0.998857498,0.0477895588,-8.42922461e-08]}
{"name":"concrete_ruin_wall_02_78079","internalName":"concrete_ruin_wall_02","class":"Prefab","persistentId":"c9aabd4a-d084-431e-95e8-48743498fb90","__parent":"beach_ruins","position":[-350.866425,359.35495,34.6489639],"annotation":"OBSTACLES","filename":"/levels/industrial/art/prefabs/concrete_ruin_wall_02.prefab.json","rotationMatrix":[-0.99881798,-0.0486023352,0,0.0486023352,-0.99881798,0,0,0,1]}
{"name":"concrete_ruin_wall_02_78086","internalName":"concrete_ruin_wall_02","class":"Prefab","persistentId":"ce5e83b3-5bf1-4e9b-b61f-d6ddc4a7b60c","__parent":"beach_ruins","position":[-350.431244,377.601074,34.5399132],"annotation":"OBSTACLES","filename":"/levels/industrial/art/prefabs/concrete_ruin_wall_02.prefab.json"}
{"name":"concrete_ruin_wall_01_78093","internalName":"concrete_ruin_wall_01","class":"Prefab","persistentId":"d51c1e5a-2ae7-4cce-ac6a-63b2bb110809","__parent":"beach_ruins","position":[-346.130005,279.080444,33.7538109],"annotation":"OBSTACLES","filename":"/levels/industrial/art/prefabs/concrete_ruin_wall_01.prefab.json","rotationMatrix":[-0.995626748,0.0478406735,0.0802382529,8.45580071e-05,-0.858455241,0.512889445,0.093418099,0.5106529,0.85469687]}
