{"class":"TSStatic","persistentId":"0386b01c-65fe-4fc9-aa49-e8cfb20d1fdf","__parent":"debris","position":[152.238754,-387.240356,34.0162354],"decalType":"None","isRenderEnabled":false,"rotationMatrix":[-0.706720114,-0.707493305,0,0.707493246,-0.706720054,0,0,0,1],"shapeName":"/levels/industrial/art/shapes/buildings/debris/metal_pile.DAE"}
{"class":"TSStatic","persistentId":"0468054f-4010-4678-99b7-d3d7a4d29188","__parent":"debris","position":[322.513306,153.835419,38.5992813],"decalType":"None","isRenderEnabled":false,"rotationMatrix":[0.493205905,-0.869422078,0.0291724838,0.794597745,0.463900775,0.391675413,-0.354064405,-0.169996604,0.919640839],"scale":[1.29999995,1.29999995,1.29999995],"shapeName":"/levels/industrial/art/shapes/buildings/debris/debris_b_a.DAE"}
{"class":"TSStatic","persistentId":"05b9abaa-59de-4406-adf8-407b07281928","__parent":"debris","position":[180.025986,-426.133057,34.0878677],"decalType":"None","isRenderEnabled":false,"shapeName":"/levels/industrial/art/shapes/buildings/debris/small_pile_d.DAE"}
{"class":"TSStatic","persistentId":"06526e40-3862-4d47-9278-045cce08bf00","__parent":"debris","position":[324.082672,151.786423,39.0561714],"decalType":"None","isRenderEnabled":false,"rotationMatrix":[-0.532099843,-0.661245108,-0.528795421,0.747138739,-0.660517693,0.0741527155,-0.39831537,-0.355628043,0.845503449],"scale":[1.5,1.5,1.5],"shapeName":"/levels/industrial/art/shapes/buildings/debris/debris_b_b.DAE"}
{"class":"TSStatic","persistentId":"0a44d417-ce14-4d05-9c0b-a624ec52c3b6","__parent":"debris","position":[190.264923,-363.530243,34.0756149],"decalType":"None","isRenderEnabled":false,"rotationMatrix":[0.693977833,-0.719996333,0,0.719996393,0.693977892,0,0,0,1],"shapeName":"/levels/industrial/art/shapes/buildings/debris/small_pile_c.DAE"}
{"class":"TSStatic","persistentId":"0c16ac98-972f-4a3b-87c9-ece3aac61222","__parent":"debris","position":[197.752213,-383.680054,33.9005241],"decalType":"None","isRenderEnabled":false,"rotationMatrix":[0.147023499,0.989132643,0,-0.989132643,0.147023499,0,0,0,1],"shapeName":"/levels/industrial/art/shapes/buildings/debris/metal_pile.DAE"}
{"class":"TSStatic","persistentId":"0f2a568a-d069-4928-ba78-86ca1c6a93d6","__parent":"debris","position":[340.382324,122.139908,36.3109894],"decalType":"None","isRenderEnabled":false,"rotationMatrix":[-0.706762016,0.70745182,0,-0.70745182,-0.706762016,0,0,0,1],"shapeName":"/levels/industrial/art/shapes/buildings/debris/medium_pile.DAE"}
{"class":"TSStatic","persistentId":"1036e6d2-fd8c-493c-b94f-c322cf169476","__parent":"debris","position":[415.096893,-93.5675812,36.1924057],"decalType":"None","isRenderEnabled":false,"rotationMatrix":[0.412300646,0.911047816,0,-0.911047816,0.412300646,0,0,0,1],"shapeName":"/levels/industrial/art/shapes/buildings/debris/metal_pile.DAE"}
{"class":"TSStatic","persistentId":"105500f8-4391-4433-8daa-d87dc0fdf53d","__parent":"debris","position":[-313.547455,-143.247772,40.6944275],"decalType":"None","isRenderEnabled":false,"rotationMatrix":[0.124156155,-0.992262781,0,0.992262781,0.124156155,0,0,0,1],"shapeName":"/levels/industrial/art/shapes/buildings/debris/metal_pile.DAE"}
{"class":"TSStatic","persistentId":"114a820c-83f3-4753-92e8-c0a9ae10583f","__parent":"debris","position":[154.370834,-388.282532,34.0639],"decalType":"None","isRenderEnabled":false,"rotationMatrix":[0.920423448,0.390922964,0,-0.390922993,0.920423508,0,0,0,1],"shapeName":"/levels/industrial/art/shapes/buildings/debris/big_pile.DAE"}
{"class":"TSStatic","persistentId":"126b23e9-12f5-4833-aef2-6fb199e728cd","__parent":"debris","position":[293.853363,117.032242,37.4198494],"decalType":"None","isRenderEnabled":false,"shapeName":"/levels/industrial/art/shapes/buildings/debris/big_pile.DAE"}
{"class":"TSStatic","persistentId":"148d76eb-cf97-40dd-851b-5bbaa36482fd","__parent":"debris","position":[316.005646,151.60701,36.9871483],"decalType":"None","isRenderEnabled":false,"rotationMatrix":[0.676986992,-0.729202628,-0.0997519493,0.687642038,0.674990416,-0.267459869,0.262363791,0.11247319,0.958391726],"scale":[1.5,1.5,1.5],"shapeName":"/levels/industrial/art/shapes/buildings/debris/debris_b_b.DAE"}
{"class":"TSStatic","persistentId":"156ccbc3-4cad-4272-a603-d01a5e1c20f6","__parent":"debris","position":[-329.464661,-173.372131,40.7089882],"decalType":"None","isRenderEnabled":false,"rotationMatrix":[0.109770395,-0.993957043,0,0.993957043,0.109770395,0,0,0,1],"shapeName":"/levels/industrial/art/shapes/buildings/debris/big_pile.DAE"}
{"class":"TSStatic","persistentId":"17e84247-e393-4179-87c8-406d480ad142","__parent":"debris","position":[311.672363,290.868469,39.1740837],"decalType":"None","isRenderEnabled":false,"shapeName":"/levels/industrial/art/shapes/buildings/debris/small_pile_b.DAE"}
{"class":"TSStatic","persistentId":"199c0f1e-ae14-477c-9524-fb35f5fc68cf","__parent":"debris","position":[-68.7953491,-379.40625,34.0878906],"decalType":"None","isRenderEnabled":false,"rotationMatrix":[-0.618062794,0.786128759,0,-0.786128759,-0.618062794,0,0,0,1],"shapeName":"/levels/industrial/art/shapes/buildings/debris/big_pile.DAE"}
{"class":"TSStatic","persistentId":"1a21dee4-9ee9-4cac-93ad-54900dbf0a5f","__parent":"debris","position":[-328.239197,-260.990051,40.8203049],"decalType":"None","isRenderEnabled":false,"shapeName":"/levels/industrial/art/shapes/buildings/debris/small_pile_a.DAE"}
{"class":"TSStatic","persistentId":"1baa1d22-d9b8-49e3-a210-cd182d650e46","__parent":"debris","position":[-285.595459,-262.707153,40.7361755],"decalType":"None","isRenderEnabled":false,"shapeName":"/levels/industrial/art/shapes/buildings/debris/metal_pile.DAE"}
{"class":"TSStatic","persistentId":"1c794969-182a-450d-a90c-14445cbd4124","__parent":"debris","position":[-327.315277,-254.6026,40.8399162],"decalType":"None","isRenderEnabled":false,"shapeName":"/levels/industrial/art/shapes/buildings/debris/small_pile_c.DAE"}
{"class":"TSStatic","persistentId":"1cc24fb3-3c99-42e1-8a05-abb588c8c1a1","__parent":"debris","position":[-386.669708,-256.477112,40.8291931],"decalType":"None","isRenderEnabled":false,"rotationMatrix":[0.979361355,0.202117383,0,-0.202117369,0.979361296,0,0,0,1],"shapeName":"/levels/industrial/art/shapes/buildings/debris/big_pile.DAE"}
{"class":"TSStatic","persistentId":"200143fe-82b5-47c7-bc4d-0c3b3a29809b","__parent":"debris","position":[-295.17688,-172.760208,40.6811523],"decalType":"None","isRenderEnabled":false,"shapeName":"/levels/industrial/art/shapes/buildings/debris/big_pile.DAE"}
{"class":"TSStatic","persistentId":"20910c4a-c198-47b2-afd9-b1fd6b914f7f","__parent":"debris","position":[308.278534,137.535156,36.4012833],"decalType":"None","isRenderEnabled":false,"rotationMatrix":[0.875924945,-0.366826773,0.313358516,0.238408029,0.893787146,0.379876435,-0.419424683,-0.258036077,0.870344996],"scale":[1.29999995,1.29999995,1.29999995],"shapeName":"/levels/industrial/art/shapes/buildings/debris/debris_b_a.DAE"}
{"class":"TSStatic","persistentId":"244d0fa9-f698-426e-a323-d47df1b9ea60","__parent":"debris","position":[-114.42691,-397.111542,34.0277977],"decalType":"None","isRenderEnabled":false,"rotationMatrix":[-0.252117813,0.967696607,0,-0.967696607,-0.252117813,0,0,0,1],"shapeName":"/levels/industrial/art/shapes/buildings/debris/big_pile.DAE"}
{"class":"TSStatic","persistentId":"27757d01-58c2-436e-9fea-90111a9798cd","__parent":"debris","position":[183.785629,-368.053833,34.071312],"decalType":"None","isRenderEnabled":false,"rotationMatrix":[0.693977833,-0.719996333,0,0.719996393,0.693977892,0,0,0,1],"shapeName":"/levels/industrial/art/shapes/buildings/debris/small_pile_d.DAE"}
{"class":"TSStatic","persistentId":"27aa431f-72c0-4264-90b2-4112b4817517","__parent":"debris","position":[306.388611,144.052368,36.9414749],"decalType":"None","isRenderEnabled":false,"rotationMatrix":[0.826884151,0.553454697,-0.0997522175,-0.558040202,0.785529256,-0.267460316,-0.0696689039,0.276824445,0.958391666],"scale":[1.5,1.5,1.5],"shapeName":"/levels/industrial/art/shapes/buildings/debris/debris_b_b.DAE"}
{"class":"TSStatic","persistentId":"298658b0-dc4c-419d-91c9-db19038a4364","__parent":"debris","position":[264.365173,-403.397644,33.9840393],"decalType":"None","isRenderEnabled":false,"shapeName":"/levels/industrial/art/shapes/buildings/debris/small_pile_b.DAE"}
{"class":"TSStatic","persistentId":"2b295123-433e-4cb4-a2cb-73d3594b4698","__parent":"debris","position":[283.046326,-425.660645,33.9891624],"decalType":"None","isRenderEnabled":false,"rotationMatrix":[0.596511781,-0.802604377,0,0.802604437,0.596511781,0,0,0,1],"shapeName":"/levels/industrial/art/shapes/buildings/debris/small_pile_c.DAE"}
{"class":"TSStatic","persistentId":"2d64a277-0576-46da-8412-6ea99023ba35","__parent":"debris","position":[414.186615,-105.863586,36.0062828],"decalType":"None","isRenderEnabled":false,"rotationMatrix":[0.191238746,0.981543303,0,-0.981543303,0.191238746,0,0,0,1],"shapeName":"/levels/industrial/art/shapes/buildings/debris/small_pile_a.DAE"}
{"class":"TSStatic","persistentId":"2f14e9fa-ca59-4535-a4c2-5ceb94f802b9","__parent":"debris","position":[-70.35923,-380.488464,34.0217361],"decalType":"None","isRenderEnabled":false,"rotationMatrix":[0.867715061,-0.497061998,0,0.497061998,0.867715061,0,0,0,1],"shapeName":"/levels/industrial/art/shapes/buildings/debris/medium_pile.DAE"}
{"class":"TSStatic","persistentId":"30625170-6123-47e7-bfa1-305aa8af8d18","__parent":"debris","position":[413.632355,-99.384903,36.2023201],"decalType":"None","isRenderEnabled":false,"rotationMatrix":[0.998946428,0.0010264084,-0.0458879508,0.0121206632,0.958362222,0.285294682,0.0442701131,-0.285550296,0.957340837],"shapeName":"/levels/industrial/art/shapes/buildings/debris/small_pile_b.DAE"}
{"class":"TSStatic","persistentId":"31f239b3-6c1b-48b0-b9a9-774831bdc95f","__parent":"debris","position":[185.024765,-367.297729,34.0560074],"decalType":"None","isRenderEnabled":false,"rotationMatrix":[0.693977833,-0.719996333,0,0.719996393,0.693977892,0,0,0,1],"shapeName":"/levels/industrial/art/shapes/buildings/debris/small_pile_a.DAE"}
{"class":"TSStatic","persistentId":"3340d6fd-1914-4351-a073-3051cb821790","__parent":"debris","position":[-288.340851,-101.086685,40.7318954],"isRenderEnabled":false,"rotationMatrix":[-0.316278428,-0.948667765,0,0.948667765,-0.316278428,0,0,0,1],"shapeName":"/levels/industrial/art/shapes/buildings/debris/small_pile_d.DAE"}
{"class":"TSStatic","persistentId":"36b3a62c-bcf7-4ae9-b171-66e9c8fb0d80","__parent":"debris","position":[183.107986,-424.522888,34.10112],"decalType":"None","isRenderEnabled":false,"rotationMatrix":[-0.767458379,0.641098797,0,-0.641098797,-0.767458379,0,0,0,1],"shapeName":"/levels/industrial/art/shapes/buildings/debris/small_pile_d.DAE"}
{"class":"TSStatic","persistentId":"377e5759-5cb3-4d1c-885f-7525f220c19c","__parent":"debris","position":[-328.554749,-262.406982,40.8356094],"decalType":"None","isRenderEnabled":false,"shapeName":"/levels/industrial/art/shapes/buildings/debris/small_pile_d.DAE"}
{"class":"TSStatic","persistentId":"3cf2f587-4714-4017-a6e8-de0c6d9a9068","__parent":"debris","position":[413.816589,-107.270645,35.9190292],"decalType":"None","isRenderEnabled":false,"shapeName":"/levels/industrial/art/shapes/buildings/debris/metal_pile.DAE"}
{"class":"TSStatic","persistentId":"3deea395-3c7e-4aa0-a33d-d3cbb437521c","__parent":"debris","position":[312.830017,135.951416,36.802639],"decalType":"None","isRenderEnabled":false,"rotationMatrix":[0.297975093,0.954573929,0,-0.954573929,0.297975093,0,0,0,1],"shapeName":"/levels/industrial/art/shapes/buildings/debris/big_pile_angle.DAE"}
{"class":"TSStatic","persistentId":"4071a516-2493-4881-8047-8dbaa8df4ee7","__parent":"debris","position":[-327.70401,-174.312668,40.7135811],"decalType":"None","isRenderEnabled":false,"rotationMatrix":[0.109770395,-0.993957043,0,0.993957043,0.109770395,0,0,0,1],"shapeName":"/levels/industrial/art/shapes/buildings/debris/metal_pile.DAE"}
{"class":"TSStatic","persistentId":"417d4050-1b49-456d-a5e1-f6539163d33f","__parent":"debris","position":[325.976776,136.336868,37.3880005],"decalType":"None","isRenderEnabled":false,"rotationMatrix":[0.820669055,-0.571403682,0,0.571403682,0.820669055,0,0,0,1],"shapeName":"/levels/industrial/art/shapes/buildings/debris/big_pile_angle.DAE"}
{"class":"TSStatic","persistentId":"4239b250-a244-47f0-b66e-ecb04f16e7da","__parent":"debris","position":[169.581329,-410.592377,33.9683609],"decalType":"None","isRenderEnabled":false,"rotationMatrix":[-0.646258831,-0.763118327,0,0.763118386,-0.646258831,0,0,0,1],"shapeName":"/levels/industrial/art/shapes/buildings/debris/medium_pile.DAE"}
{"class":"TSStatic","persistentId":"435c52ab-413c-42d7-8b55-d77490dfa580","__parent":"debris","position":[200.342087,-389.055939,33.8832321],"decalType":"None","isRenderEnabled":false,"shapeName":"/levels/industrial/art/shapes/buildings/debris/metal_pile.DAE"}
{"class":"TSStatic","persistentId":"44e0e251-b5b6-463f-9562-f836dc83f23e","__parent":"debris","position":[312.958435,137.705154,37.4143677],"decalType":"None","isRenderEnabled":false,"rotationMatrix":[0.676986992,-0.729202628,-0.0997519493,0.687642038,0.674990416,-0.267459869,0.262363791,0.11247319,0.958391726],"scale":[1.5,1.5,1.5],"shapeName":"/levels/industrial/art/shapes/buildings/debris/debris_b_b.DAE"}
{"class":"TSStatic","persistentId":"45cdc352-9f28-4935-a23d-627041e51378","__parent":"debris","position":[-71.0411758,-382.604858,34.0356331],"decalType":"None","isRenderEnabled":false,"rotationMatrix":[0.867715061,-0.497061998,0,0.497061998,0.867715061,0,0,0,1],"shapeName":"/levels/industrial/art/shapes/buildings/debris/big_pile.DAE"}
{"class":"TSStatic","persistentId":"46cb2136-8de4-4eab-b452-80761b7afae6","__parent":"debris","position":[310.797089,141.043945,37.6714516],"decalType":"None","isRenderEnabled":false,"rotationMatrix":[0.48379454,0.868540704,0.107610434,-0.867675483,0.492074937,-0.0707221404,-0.114377446,-0.0591559447,0.991674542],"scale":[1.29999995,1.29999995,1.29999995],"shapeName":"/levels/industrial/art/shapes/buildings/debris/debris_b_a.DAE"}
{"class":"TSStatic","persistentId":"492c873e-9872-4447-a024-c2b32955e70f","__parent":"debris","position":[-424.2005,-88.3168106,41.2097855],"isRenderEnabled":false,"rotationMatrix":[-0.993618488,0.112656713,0.00554681104,-0.112793162,-0.992416263,-0.0488630086,1.16404952e-09,-0.0491768233,0.998790085],"shapeName":"/levels/industrial/art/shapes/buildings/debris/big_pile.DAE"}
{"class":"TSStatic","persistentId":"4954e945-60cf-4505-a007-d16a0bc24323","__parent":"debris","position":[263.76178,-404.165009,33.9936371],"decalType":"None","isRenderEnabled":false,"shapeName":"/levels/industrial/art/shapes/buildings/debris/small_pile_c.DAE"}
{"class":"TSStatic","persistentId":"49a7b961-ffdc-46a5-b6a4-80c130599a11","__parent":"debris","position":[-116.416054,-398.105377,34.0139008],"decalType":"None","isRenderEnabled":false,"rotationMatrix":[-0.252117813,0.967696607,0,-0.967696607,-0.252117813,0,0,0,1],"shapeName":"/levels/industrial/art/shapes/buildings/debris/medium_pile.DAE"}
{"class":"TSStatic","persistentId":"4d9ecee4-b542-430d-a8bd-f078285da99e","__parent":"debris","position":[-395.094177,-154.096756,40.7497444],"decalType":"None","isRenderEnabled":false,"rotationMatrix":[-0.927057922,0.374920666,0,-0.374920666,-0.927057922,0,0,0,1],"shapeName":"/levels/industrial/art/shapes/buildings/debris/big_pile.DAE"}
{"class":"TSStatic","persistentId":"4eff227c-1e0e-4285-ac60-11ae16f7c689","__parent":"debris","position":[416.547394,-92.9803467,36.2407265],"decalType":"None","isRenderEnabled":false,"shapeName":"/levels/industrial/art/shapes/buildings/debris/small_pile_d.DAE"}
{"class":"TSStatic","persistentId":"4f2dfe2e-ac8f-49af-bec0-ce473a89465b","__parent":"debris","position":[316.996826,150.231949,37.0518646],"decalType":"None","isRenderEnabled":false,"shapeName":"/levels/industrial/art/shapes/buildings/debris/big_pile.DAE"}
{"class":"TSStatic","persistentId":"4fdc9ac0-9454-40d6-9bc3-0e260ac2b39e","__parent":"debris","position":[166.617584,-407.566071,34.125473],"decalType":"None","isRenderEnabled":false,"rotationMatrix":[-0.646258831,-0.763118327,0,0.763118386,-0.646258831,0,0,0,1],"shapeName":"/levels/industrial/art/shapes/buildings/debris/small_pile_d.DAE"}
{"class":"TSStatic","persistentId":"5105cbec-863f-478c-a341-8efd709ba469","__parent":"debris","position":[172.82872,-426.231812,34.0940971],"decalType":"None","isRenderEnabled":false,"shapeName":"/levels/industrial/art/shapes/buildings/debris/small_pile_c.DAE"}
{"class":"TSStatic","persistentId":"53b6c411-2581-4fac-b740-bab5b13bd2f7","__parent":"debris","position":[313.527985,288.728088,39.1974945],"decalType":"None","isRenderEnabled":false,"shapeName":"/levels/industrial/art/shapes/buildings/debris/small_pile_c.DAE"}
{"class":"TSStatic","persistentId":"55e7a759-a464-49a1-abae-8d0bef1fff4f","__parent":"debris","position":[177.153336,-429.718048,34.1054268],"decalType":"None","isRenderEnabled":false,"rotationMatrix":[-0.767458379,0.641098797,0,-0.641098797,-0.767458379,0,0,0,1],"shapeName":"/levels/industrial/art/shapes/buildings/debris/small_pile_c.DAE"}
{"class":"TSStatic","persistentId":"568ec96c-782b-4f6f-97c7-88fdd1bf46fe","__parent":"debris","position":[-327.891815,-256.529877,40.7928123],"decalType":"None","isRenderEnabled":false,"shapeName":"/levels/industrial/art/shapes/buildings/debris/metal_pile.DAE"}
{"class":"TSStatic","persistentId":"59b69820-3001-4f4f-b67a-57ddab67694a","__parent":"debris","position":[-338.551697,-252.64505,40.7165871],"decalType":"None","isRenderEnabled":false,"shapeName":"/levels/industrial/art/shapes/buildings/debris/big_pile.DAE"}
{"class":"TSStatic","persistentId":"5ae3daf7-6344-4007-99cc-0085b2757b2a","__parent":"debris","position":[307.796387,291.370422,39.489666],"decalType":"None","isRenderEnabled":false,"rotationMatrix":[0.94349283,0.32886827,-0.0408159196,-0.32374531,0.941011369,0.0984213576,0.0707758963,-0.0796459392,0.99430728],"shapeName":"/levels/industrial/art/shapes/buildings/debris/medium_pile.DAE"}
{"class":"TSStatic","persistentId":"5cddbed5-6c91-4929-905a-0d07d8f70360","__parent":"debris","position":[261.670441,-400.404114,33.9783554],"decalType":"None","isRenderEnabled":false,"shapeName":"/levels/industrial/art/shapes/buildings/debris/metal_pile.DAE"}
{"class":"TSStatic","persistentId":"5e8e288e-5367-4e12-b521-0697242db58d","__parent":"debris","position":[341.399445,122.916649,36.4154587],"decalType":"None","isRenderEnabled":false,"shapeName":"/levels/industrial/art/shapes/buildings/debris/medium_pile.DAE"}
{"class":"TSStatic","persistentId":"619def1e-f2b8-4be6-bfa4-9dd1b2046603","__parent":"debris","position":[198.851913,-385.953827,33.9554062],"decalType":"None","isRenderEnabled":false,"shapeName":"/levels/industrial/art/shapes/buildings/debris/big_pile.DAE"}
{"class":"TSStatic","persistentId":"627def09-27c3-484b-87ba-5f3e2f5c5eec","__parent":"debris","position":[328.92627,136.255783,37.6515503],"decalType":"None","isRenderEnabled":false,"rotationMatrix":[0.531157553,-0.827929497,-0.180013299,0.835066259,0.547486961,-0.0540513359,0.143305734,-0.121613011,0.982179344],"shapeName":"/levels/industrial/art/shapes/buildings/debris/metal_pile.DAE"}
{"class":"TSStatic","persistentId":"6322584b-431b-4382-a8ad-4ef5d3d983cd","__parent":"debris","position":[311.084534,289.983856,39.1270828],"decalType":"None","isRenderEnabled":false,"shapeName":"/levels/industrial/art/shapes/buildings/debris/small_pile_a.DAE"}
{"class":"TSStatic","persistentId":"63b998cf-37c5-470e-975c-18fec2d1c056","__parent":"debris","position":[149.720474,365.926392,37.5430641],"decalType":"None","isRenderEnabled":false,"shapeName":"/levels/industrial/art/shapes/buildings/debris/small_pile_c.DAE"}
{"class":"TSStatic","persistentId":"64648dba-61fc-498c-8d46-9e33434acdef","__parent":"debris","position":[-422.213409,-86.70224,41.2780762],"isRenderEnabled":false,"rotationMatrix":[0.975006998,-0.0139372917,-0.221735135,-0.00194875535,0.997455418,-0.0712646097,0.222164318,0.0699156448,0.972499311],"shapeName":"/levels/industrial/art/shapes/buildings/debris/small_pile_c.DAE"}
{"class":"TSStatic","persistentId":"665dc0b9-c3fe-47f2-abbd-f3da6187c3a2","__parent":"debris","position":[277.368622,-428.729004,33.9695511],"decalType":"None","isRenderEnabled":false,"rotationMatrix":[0.596511781,-0.802604377,0,0.802604437,0.596511781,0,0,0,1],"shapeName":"/levels/industrial/art/shapes/buildings/debris/small_pile_a.DAE"}
{"class":"TSStatic","persistentId":"67033965-3999-41a1-8c66-14a5e13d0082","__parent":"debris","position":[311.272736,137.973068,37.3413734],"decalType":"None","isRenderEnabled":false,"rotationMatrix":[0.933995128,-0.340697736,0.107610315,0.349010617,0.934445977,-0.0707222745,-0.0764607713,0.10361141,0.99167335],"scale":[1.29999995,1.29999995,1.29999995],"shapeName":"/levels/industrial/art/shapes/buildings/debris/debris_b_a.DAE"}
{"class":"TSStatic","persistentId":"674a771e-8156-4f35-9eb1-2b513e477d9e","__parent":"debris","position":[-397.877502,-65.1344833,40.699379],"decalType":"None","isRenderEnabled":false,"shapeName":"/levels/industrial/art/shapes/buildings/debris/small_pile_d.DAE"}
{"class":"TSStatic","persistentId":"69b3b841-ba0c-43b3-aadf-207e616cb465","__parent":"debris","position":[181.957642,-425.408142,34.0858154],"decalType":"None","isRenderEnabled":false,"rotationMatrix":[-0.767458379,0.641098797,0,-0.641098797,-0.767458379,0,0,0,1],"shapeName":"/levels/industrial/art/shapes/buildings/debris/small_pile_a.DAE"}
{"class":"TSStatic","persistentId":"69e67767-4758-40fa-b76b-b2405577efa0","__parent":"debris","position":[-284.519592,-99.7889862,40.7632904],"isRenderEnabled":false,"shapeName":"/levels/industrial/art/shapes/buildings/debris/big_pile.DAE"}
{"class":"TSStatic","persistentId":"6a2aca84-25bf-42a0-9ab2-9cd4771d3902","__parent":"debris","position":[414.611725,-97.4326706,36.0560226],"decalType":"None","isRenderEnabled":false,"rotationMatrix":[-0.972233653,0.212414578,-0.0981941521,-0.202619642,-0.974044204,-0.100900203,-0.117078386,-0.0782021135,0.990038812],"shapeName":"/levels/industrial/art/shapes/buildings/debris/big_pile_angle.DAE"}
{"class":"TSStatic","persistentId":"6bc42e53-920a-4f84-9138-3309a6bb8679","__parent":"debris","position":[150.714951,366.002625,37.5445786],"decalType":"None","isRenderEnabled":false,"shapeName":"/levels/industrial/art/shapes/buildings/debris/small_pile_d.DAE"}
{"class":"TSStatic","persistentId":"6dc28388-15c0-4859-99e0-cdb8dbf24aef","__parent":"debris","position":[-353.34552,-237.521606,40.7122955],"decalType":"None","isRenderEnabled":false,"shapeName":"/levels/industrial/art/shapes/buildings/debris/medium_pile.DAE"}
{"class":"TSStatic","persistentId":"6fe8cb52-4bfe-42e0-817f-b4106ed10d89","__parent":"debris","position":[-285.776611,-264.4935,40.8127594],"decalType":"None","isRenderEnabled":false,"shapeName":"/levels/industrial/art/shapes/buildings/debris/medium_pile.DAE"}
{"class":"TSStatic","persistentId":"73ebe2e8-50df-409c-b536-4e3003b38e62","__parent":"debris","position":[303.468292,288.776733,39.0894127],"decalType":"None","isRenderEnabled":false,"rotationMatrix":[0.337972015,0.940083027,-0.0449430719,-0.931879818,0.340947092,0.123919949,0.131818235,2.31148896e-08,0.99127388],"shapeName":"/levels/industrial/art/shapes/buildings/debris/big_pile_angle.DAE"}
{"class":"TSStatic","persistentId":"754abe7f-c44e-42d9-8679-995fde2177a4","__parent":"debris","position":[312.666534,136.589661,37.3061028],"decalType":"None","isRenderEnabled":false,"rotationMatrix":[0.966480434,0,-0.256739616,0,1,0,0.256739616,0,0.966480434],"scale":[1.29999995,1.29999995,1.29999995],"shapeName":"/levels/industrial/art/shapes/buildings/debris/debris_a_a.DAE"}
{"class":"TSStatic","persistentId":"75790f3e-c706-4411-b89b-9357f2f56a32","__parent":"debris","position":[-325.556915,-173.301743,40.7612457],"decalType":"None","isRenderEnabled":false,"rotationMatrix":[0.270891845,0.962609828,0,-0.962609828,0.270891845,0,0,0,1],"shapeName":"/levels/industrial/art/shapes/buildings/debris/big_pile.DAE"}
{"class":"TSStatic","persistentId":"7698ed8c-af9d-43d2-ac0c-ad729b79c3cd","__parent":"debris","position":[-423.152893,-85.5031662,41.1668816],"isRenderEnabled":false,"rotationMatrix":[0.592623115,0.799471498,-0.0982018784,-0.80363524,0.595103264,-0.00495548919,0.0544782579,0.0818549097,0.995154619],"shapeName":"/levels/industrial/art/shapes/buildings/debris/metal_pile.DAE"}
{"class":"TSStatic","persistentId":"76deb92e-bfba-4fea-847e-0d7c1d78f2ed","__parent":"debris","position":[262.574615,-403.191193,33.991909],"decalType":"None","isRenderEnabled":false,"shapeName":"/levels/industrial/art/shapes/buildings/debris/big_pile.DAE"}
{"class":"TSStatic","persistentId":"778fbc86-dcf4-490a-a7cc-c4e15596142f","__parent":"debris","position":[-339.011261,-247.989349,40.8247795],"decalType":"None","isRenderEnabled":false,"shapeName":"/levels/industrial/art/shapes/buildings/debris/small_pile_c.DAE"}
{"class":"TSStatic","persistentId":"78ecbde1-353f-46c2-94a6-a60393a6c4a2","__parent":"debris","position":[281.15567,-426.347351,33.9420586],"decalType":"None","isRenderEnabled":false,"rotationMatrix":[0.596511781,-0.802604377,0,0.802604437,0.596511781,0,0,0,1],"shapeName":"/levels/industrial/art/shapes/buildings/debris/metal_pile.DAE"}
{"class":"TSStatic","persistentId":"7b42d11c-df0d-4d34-9e7a-945533376dcc","__parent":"debris","position":[-69.243782,-381.736725,34.040226],"decalType":"None","isRenderEnabled":false,"rotationMatrix":[0.867715061,-0.497061998,0,0.497061998,0.867715061,0,0,0,1],"shapeName":"/levels/industrial/art/shapes/buildings/debris/metal_pile.DAE"}
{"class":"TSStatic","persistentId":"7cc7adfb-cf4a-41c5-9ebf-5e6b2fe57f59","__parent":"debris","position":[410.651672,-104.842796,36.1360931],"decalType":"None","isRenderEnabled":false,"rotationMatrix":[-0.997284412,0.0736573115,0,-0.0736573115,-0.997284412,0,0,0,1],"shapeName":"/levels/industrial/art/shapes/buildings/debris/metal_pile.DAE"}
{"class":"TSStatic","persistentId":"7ef834f3-667d-4f92-b769-a6dc69b5c875","__parent":"debris","position":[312.586487,140.360321,37.4623451],"decalType":"None","isRenderEnabled":false,"rotationMatrix":[0.509011865,0.860759556,4.51109372e-07,-0.826985598,0.489039391,0.277372122,0.238750473,-0.141186073,0.96076262],"scale":[1.29999995,1.29999995,1.29999995],"shapeName":"/levels/industrial/art/shapes/buildings/debris/debris_b_a.DAE"}
{"class":"TSStatic","persistentId":"7f0802bd-ab8f-4116-9a61-680a3d2f4228","__parent":"debris","position":[411.093536,-107.031754,35.9291992],"decalType":"None","isRenderEnabled":false,"shapeName":"/levels/industrial/art/shapes/buildings/debris/medium_pile.DAE"}
{"class":"TSStatic","persistentId":"80144942-00d8-4d69-bdb9-f70fb3c83d8f","__parent":"debris","position":[412.889648,-93.2293091,36.1573677],"decalType":"None","isRenderEnabled":false,"rotationMatrix":[-0.344075263,-0.938942075,0,0.938942134,-0.344075292,0,0,0,1],"shapeName":"/levels/industrial/art/shapes/buildings/debris/medium_pile.DAE"}
{"class":"TSStatic","persistentId":"801d0d2d-c640-48a5-8b6e-fa73ab8fbcf8","__parent":"debris","position":[171.772247,-413.555634,34.1297798],"decalType":"None","isRenderEnabled":false,"rotationMatrix":[-0.646258831,-0.763118327,0,0.763118386,-0.646258831,0,0,0,1],"shapeName":"/levels/industrial/art/shapes/buildings/debris/small_pile_c.DAE"}
{"class":"TSStatic","persistentId":"810e35f4-cf95-40b4-abe9-2622f7f76efb","__parent":"debris","position":[151.871063,-385.27832,34.0116425],"decalType":"None","isRenderEnabled":false,"rotationMatrix":[-0.706720114,-0.707493305,0,0.707493246,-0.706720054,0,0,0,1],"shapeName":"/levels/industrial/art/shapes/buildings/debris/big_pile.DAE"}
{"class":"TSStatic","persistentId":"8173f3fb-6f6f-42b4-9c78-4cdc5ace431b","__parent":"debris","position":[308.119446,140.514725,37.1397781],"decalType":"None","isRenderEnabled":false,"rotationMatrix":[0.834369719,0.0571429655,0.548235357,0.0795397535,0.971720219,-0.222336128,-0.545436323,0.229117006,0.806228697],"scale":[1.29999995,1.29999995,1.29999995],"shapeName":"/levels/industrial/art/shapes/buildings/debris/debris_a_b.DAE"}
{"class":"TSStatic","persistentId":"82440309-a3df-4c28-88b8-df0331704ef8","__parent":"debris","position":[-423.142334,-86.8903961,41.4076614],"isRenderEnabled":false,"rotationMatrix":[0.998744905,0.00197783834,-0.0500395745,-0.00552588515,0.997470379,-0.0708663091,0.0497728139,0.0710538551,0.996229351],"shapeName":"/levels/industrial/art/shapes/buildings/debris/small_pile_b.DAE"}
{"class":"TSStatic","persistentId":"8373ee24-2331-4601-a4a3-750ad9fda998","__parent":"debris","position":[-386.939728,-254.594864,40.7630386],"decalType":"None","isRenderEnabled":false,"rotationMatrix":[-0.83214587,-0.554556787,0,0.554556787,-0.83214587,0,0,0,1],"shapeName":"/levels/industrial/art/shapes/buildings/debris/medium_pile.DAE"}
{"class":"TSStatic","persistentId":"83a9c689-1689-4bfe-a4d4-54311725c680","__parent":"debris","position":[-295.637177,-170.584732,40.6672554],"decalType":"None","isRenderEnabled":false,"shapeName":"/levels/industrial/art/shapes/buildings/debris/medium_pile.DAE"}
{"class":"TSStatic","persistentId":"84381f2c-cc5c-4ce9-9af1-db17222efa9a","__parent":"debris","position":[172.040878,-425.369781,34.091629],"decalType":"None","isRenderEnabled":false,"shapeName":"/levels/industrial/art/shapes/buildings/debris/small_pile_d.DAE"}
{"class":"TSStatic","persistentId":"859a6c72-aa46-45e3-aff4-9a71c5465bd0","__parent":"debris","position":[-118.283409,-397.745453,34.0800552],"decalType":"None","isRenderEnabled":false,"rotationMatrix":[-0.129081264,-0.991634071,0,0.99163413,-0.129081264,0,0,0,1],"shapeName":"/levels/industrial/art/shapes/buildings/debris/big_pile.DAE"}
{"class":"TSStatic","persistentId":"860fe28f-0d7f-44ec-96d6-45ffd366b90f","__parent":"debris","position":[180.101898,-427.507019,33.9440079],"decalType":"None","isRenderEnabled":false,"rotationMatrix":[-0.767458379,0.641098797,0,-0.641098797,-0.767458379,0,0,0,1],"shapeName":"/levels/industrial/art/shapes/buildings/debris/medium_pile.DAE"}
{"class":"TSStatic","persistentId":"864a15a6-0659-401e-947e-c962a9c02c16","__parent":"debris","position":[315.856079,149.758438,37.1323013],"decalType":"None","isRenderEnabled":false,"rotationMatrix":[0.938985944,-0.339945972,-0.0523817502,0.33668831,0.939563096,-0.0621410608,0.0703412145,0.0407130867,0.996690631],"scale":[1.29999995,1.29999995,1.29999995],"shapeName":"/levels/industrial/art/shapes/buildings/debris/debris_b_a.DAE"}
{"class":"TSStatic","persistentId":"87b1b395-1ec2-4dd6-ad95-d298e9bc4164","__parent":"debris","position":[-400.161316,-67.6523819,40.6390457],"decalType":"None","isRenderEnabled":false,"rotationMatrix":[-0.414361835,0.910112321,0,-0.910112202,-0.414361805,0,0,0,1],"shapeName":"/levels/industrial/art/shapes/buildings/debris/big_pile.DAE"}
{"class":"TSStatic","persistentId":"88ba187f-2d64-4259-8713-49ddb3e1e245","__parent":"debris","position":[327.832245,139.371994,37.5078735],"decalType":"None","isRenderEnabled":false,"rotationMatrix":[1,0,0,0,0.987383842,-0.158345059,0,0.158345059,0.987383842],"shapeName":"/levels/industrial/art/shapes/buildings/debris/small_pile_d.DAE"}
{"class":"TSStatic","persistentId":"8ae2c5e3-b58e-433b-b62d-c8ead6b734f0","__parent":"debris","position":[170.674057,-411.870148,34.0826759],"decalType":"None","isRenderEnabled":false,"rotationMatrix":[-0.646258831,-0.763118327,0,0.763118386,-0.646258831,0,0,0,1],"shapeName":"/levels/industrial/art/shapes/buildings/debris/metal_pile.DAE"}
{"class":"TSStatic","persistentId":"8e891101-0d83-44ae-90bd-b5f606eb54cc","__parent":"debris","position":[188.477097,-364.452484,34.028511],"decalType":"None","isRenderEnabled":false,"rotationMatrix":[0.693977833,-0.719996333,0,0.719996393,0.693977892,0,0,0,1],"shapeName":"/levels/industrial/art/shapes/buildings/debris/metal_pile.DAE"}
{"class":"TSStatic","persistentId":"8ebd6a06-9413-4594-9214-468836f1a3e2","__parent":"debris","position":[-352.526367,-235.80542,40.77845],"decalType":"None","isRenderEnabled":false,"rotationMatrix":[-0.927057922,0.374920666,0,-0.374920666,-0.927057922,0,0,0,1],"shapeName":"/levels/industrial/art/shapes/buildings/debris/big_pile.DAE"}
{"class":"TSStatic","persistentId":"9653f43e-870b-4741-8c87-e5c24cb95433","__parent":"debris","position":[323.461029,153.906357,39.6701965],"decalType":"None","isRenderEnabled":false,"rotationMatrix":[-0.437834144,0.89612931,-0.0724708214,-0.898487031,-0.438999832,-0.000162781565,-0.0319602937,0.06504336,0.99737066],"scale":[1.29999995,1.29999995,1.29999995],"shapeName":"/levels/industrial/art/shapes/buildings/debris/debris_b_a.DAE"}
{"class":"TSStatic","persistentId":"96b08288-a4ce-424e-8a80-98be0c77f388","__parent":"debris","position":[312.442322,285.892517,39.185421],"decalType":"None","isRenderEnabled":false,"shapeName":"/levels/industrial/art/shapes/buildings/debris/small_pile_d.DAE"}
{"class":"TSStatic","persistentId":"970170f0-d692-4ede-bdfa-db56844a6d89","__parent":"debris","position":[-422.39917,-85.2033005,41.1459694],"isRenderEnabled":false,"rotationMatrix":[0.987607718,-0.017165415,-0.155999109,-4.65661287e-09,0.994000554,-0.109375156,0.156940714,0.108019799,0.981682897],"shapeName":"/levels/industrial/art/shapes/buildings/debris/small_pile_d.DAE"}
{"class":"TSStatic","persistentId":"9782912b-f5aa-4d26-b1b5-e53717d23860","__parent":"debris","position":[-340.250732,-255.793655,40.8204727],"decalType":"None","isRenderEnabled":false,"shapeName":"/levels/industrial/art/shapes/buildings/debris/small_pile_d.DAE"}
{"class":"TSStatic","persistentId":"99020a7e-7ef0-44a3-a426-0e38de3b4823","__parent":"debris","position":[-286.501068,-102.916092,40.7359161],"isRenderEnabled":false,"rotationMatrix":[0.391389281,0.920224905,0,-0.920224905,0.391389281,0,0,0,1],"shapeName":"/levels/industrial/art/shapes/buildings/debris/small_pile_c.DAE"}
{"class":"TSStatic","persistentId":"9db89b6f-f2be-4d6e-b079-a845c4593bdf","__parent":"debris","position":[313.499603,154.388855,37.1462021],"decalType":"None","isRenderEnabled":false,"rotationMatrix":[0.977347136,0.00417539431,-0.211601481,-0.00191690761,0.999939024,0.0108773112,0.211633995,-0.0102252886,0.977295518],"scale":[1.29999995,1.29999995,1.29999995],"shapeName":"/levels/industrial/art/shapes/buildings/debris/debris_a_a.DAE"}
{"class":"TSStatic","persistentId":"9e71a74f-dc52-41be-9ddf-7cdd277b3e36","__parent":"debris","position":[323.237457,151.710495,38.4240265],"decalType":"None","isRenderEnabled":false,"rotationMatrix":[0.40106988,-0.909760177,-0.107133448,0.774135768,0.274085104,0.570606053,-0.489750832,-0.31178841,0.814206362],"scale":[1.29999995,1.29999995,1.29999995],"shapeName":"/levels/industrial/art/shapes/buildings/debris/debris_a_a.DAE"}
{"class":"TSStatic","persistentId":"9f39d45d-c2aa-46be-8c09-772ff0450fdc","__parent":"debris","position":[-401.937012,-68.3333588,40.5728912],"decalType":"None","isRenderEnabled":false,"rotationMatrix":[0.72535646,-0.688373506,0,0.688373506,0.72535646,0,0,0,1],"shapeName":"/levels/industrial/art/shapes/buildings/debris/medium_pile.DAE"}
{"class":"TSStatic","persistentId":"9f8e2553-93c8-4234-939d-1120a8146667","__parent":"debris","position":[153.73555,-386.490143,33.9977455],"decalType":"None","isRenderEnabled":false,"rotationMatrix":[-0.706720114,-0.707493305,0,0.707493246,-0.706720054,0,0,0,1],"shapeName":"/levels/industrial/art/shapes/buildings/debris/medium_pile.DAE"}
{"class":"TSStatic","persistentId":"a28d848b-e3f4-49f6-aa69-adb9c6bd22ec","__parent":"debris","position":[-388.554962,-255.035446,40.7815285],"decalType":"None","isRenderEnabled":false,"rotationMatrix":[-0.83214587,-0.554556787,0,0.554556787,-0.83214587,0,0,0,1],"shapeName":"/levels/industrial/art/shapes/buildings/debris/metal_pile.DAE"}
{"class":"TSStatic","persistentId":"a35feddf-c85f-4755-bd76-5060d36e39e4","__parent":"debris","position":[-395.91333,-155.812943,40.7509766],"decalType":"None","isRenderEnabled":false,"shapeName":"/levels/industrial/art/shapes/buildings/debris/medium_pile.DAE"}
{"class":"TSStatic","persistentId":"a7005f68-cb7a-4723-ad69-bd320b3c5d01","__parent":"debris","position":[187.98851,-397.755707,34.065773],"decalType":"None","isRenderEnabled":false,"shapeName":"/levels/industrial/art/shapes/buildings/debris/metal_pile.DAE"}
{"class":"TSStatic","persistentId":"a9a8be2f-9626-4d7a-80b2-523f236a63ca","__parent":"debris","position":[-313.21991,-141.605988,40.6759377],"decalType":"None","isRenderEnabled":false,"rotationMatrix":[0.124156155,-0.992262781,0,0.992262781,0.124156155,0,0,0,1],"shapeName":"/levels/industrial/art/shapes/buildings/debris/medium_pile.DAE"}
{"class":"TSStatic","persistentId":"aad0d1e7-4c8c-47af-ab6b-52ff1c0647f5","__parent":"debris","position":[310.979065,139.077866,37.5316658],"decalType":"None","isRenderEnabled":false,"rotationMatrix":[0.970278025,0.0571430773,0.235149473,-5.52972779e-09,0.971719563,-0.236135036,-0.241993263,0.229116634,0.942838192],"scale":[1.29999995,1.29999995,1.29999995],"shapeName":"/levels/industrial/art/shapes/buildings/debris/debris_a_b.DAE"}
{"class":"TSStatic","persistentId":"afc736a3-0615-45a1-96a8-315af9d10888","__parent":"debris","position":[412.357941,-105.868584,35.9120979],"decalType":"None","isRenderEnabled":false,"rotationMatrix":[-0.412285328,0.911056697,0,-0.911056697,-0.412285328,0,0,0,1],"shapeName":"/levels/industrial/art/shapes/buildings/debris/medium_pile.DAE"}
{"class":"TSStatic","persistentId":"afce90ac-8729-4068-aaa1-d3170c9f5774","__parent":"debris","position":[-337.741913,-239.640762,40.7540665],"decalType":"None","isRenderEnabled":false,"shapeName":"/levels/industrial/art/shapes/buildings/debris/metal_pile.DAE"}
{"class":"TSStatic","persistentId":"b2077a18-130c-4917-a3de-73da9a869f27","__parent":"debris","position":[341.784271,121.445175,36.3160706],"decalType":"None","isRenderEnabled":false,"rotationMatrix":[-0.599599302,-0.800301015,0,0.800301015,-0.599599302,0,0,0,1],"shapeName":"/levels/industrial/art/shapes/buildings/debris/medium_pile.DAE"}
{"class":"TSStatic","persistentId":"b3827043-7ee0-491b-af20-ba6ed8c869bf","__parent":"debris","position":[317.145752,149.104431,37.2128677],"decalType":"None","isRenderEnabled":false,"rotationMatrix":[0.997023523,0.0692459717,-0.0338771492,-0.0702438802,0.997101843,-0.0292084776,0.0317563973,0.0315011106,0.998999238],"scale":[1.29999995,1.29999995,1.29999995],"shapeName":"/levels/industrial/art/shapes/buildings/debris/debris_a_b.DAE"}
{"class":"TSStatic","persistentId":"b5401baf-6771-4e65-a3e5-ddf3c18309bb","__parent":"debris","position":[411.728302,-95.703949,36.1401367],"decalType":"None","isRenderEnabled":false,"rotationMatrix":[-0.344075263,-0.938942075,0,0.938942134,-0.344075292,0,0,0,1],"shapeName":"/levels/industrial/art/shapes/buildings/debris/metal_pile.DAE"}
{"class":"TSStatic","persistentId":"b5647b6d-5acd-433f-b820-d12c992e24c7","__parent":"debris","position":[307.444,143.588074,37.146656],"decalType":"None","isRenderEnabled":false,"rotationMatrix":[0.150740623,0.988191128,0.0274818111,-0.985012293,0.152496919,-0.0805896372,-0.0838287845,-0.0149217676,0.996368408],"scale":[1.29999995,1.29999995,1.29999995],"shapeName":"/levels/industrial/art/shapes/buildings/debris/debris_a_a.DAE"}
{"class":"TSStatic","persistentId":"b992ab6d-983d-4050-b5a7-ce9a5c2256bb","__parent":"debris","position":[327.699127,137.828445,37.5617867],"decalType":"None","isRenderEnabled":false,"rotationMatrix":[0.251259804,0.967392564,-0.0318849422,-0.948855698,0.239671841,-0.205499619,-0.19115667,0.0818889141,0.97813952],"shapeName":"/levels/industrial/art/shapes/buildings/debris/metal_pile.DAE"}
{"class":"TSStatic","persistentId":"ba0bd591-96a8-4118-af98-d53608e8c9af","__parent":"debris","position":[-311.415314,-142.205627,40.7420921],"decalType":"None","isRenderEnabled":false,"rotationMatrix":[0.256919563,0.96643281,0,-0.96643281,0.256919563,0,0,0,1],"shapeName":"/levels/industrial/art/shapes/buildings/debris/big_pile.DAE"}
