{"class":"DecalRoad","persistentId":"9b43111c-71a5-4203-80f6-fb5911eca59c","__parent":"fs_1_meshes","position":[925.736328,-496.118866,162.157547],"distanceFade":[100,50],"improvedSpline":true,"material":"AsphaltRoad_track_skidmarks","nodes":[[925.736328,-496.118866,162.157547,5],[934.773315,-498.310272,162.620682,5],[939.017883,-502.107574,163.120117,5],[939.473389,-509.021606,163.456863,6]],"overObjects":true,"renderPriority":9,"startEndFade":[30,20],"textureLength":40}
{"class":"DecalRoad","persistentId":"d8bf7ca5-3222-4958-a952-2d1860f41765","__parent":"fs_1_meshes","position":[934.340942,-501.546448,162.876907],"distanceFade":[200,100],"improvedSpline":true,"material":"line_yellow","nodes":[[934.340942,-501.546448,162.876907,0.200000003],[935.992554,-494.510834,162.594559,0.200000003]],"overObjects":true,"renderPriority":13,"textureLength":8,"zBias":1}
{"class":"DecalRoad","persistentId":"a9c4cf18-6c00-4bc5-bde4-97f870cc2c60","__parent":"fs_1_meshes","position":[933.136169,-501.366913,163.110443],"distanceFade":[200,100],"improvedSpline":true,"material":"line_yellow","nodes":[[933.136169,-501.366913,163.110443,0.200000003],[934.78656,-494.24881,162.774033,0.200000003]],"overObjects":true,"renderPriority":13,"textureLength":8,"zBias":1}
{"class":"DecalRoad","persistentId":"8b07f62b-6893-45a8-83e7-901e442ce4f4","__parent":"fs_1_meshes","position":[933.090759,-501.293243,163.102921],"distanceFade":[200,100],"improvedSpline":true,"material":"line_yellow","nodes":[[933.090759,-501.293243,163.102921,0.200000003],[934.376648,-501.476532,163.193771,0.200000003]],"overObjects":true,"renderPriority":13,"textureLength":8,"zBias":1}
{"class":"DecalRoad","persistentId":"e14431e5-e2c5-4d2c-9ea0-9effc7c1ad1b","__parent":"fs_1_meshes","position":[934.754578,-494.313843,162.77243],"distanceFade":[200,100],"improvedSpline":true,"material":"line_yellow","nodes":[[934.754578,-494.313843,162.77243,0.200000003],[936.009644,-494.581177,162.839233,0.200000003]],"overObjects":true,"renderPriority":13,"textureLength":8,"zBias":1}
{"class":"DecalRoad","persistentId":"5e85a2aa-240e-4a68-ac85-8b8b58aa99fe","__parent":"fs_1_meshes","position":[934.562622,-495.346344,162.77243],"distanceFade":[200,100],"improvedSpline":true,"material":"line_yellow","nodes":[[934.562622,-495.346344,162.77243,0.200000003],[935.814026,-495.59433,162.839233,0.200000003]],"overObjects":true,"renderPriority":13,"textureLength":8,"zBias":1}
{"class":"DecalRoad","persistentId":"abfaad8d-45e4-40c5-beea-b337271f89d8","__parent":"fs_1_meshes","position":[934.300537,-496.34314,162.77243],"distanceFade":[200,100],"improvedSpline":true,"material":"line_yellow","nodes":[[934.300537,-496.34314,162.77243,0.200000003],[935.551941,-496.591125,162.839233,0.200000003]],"overObjects":true,"renderPriority":13,"textureLength":8,"zBias":1}
{"class":"DecalRoad","persistentId":"783c0543-ba92-42b1-a8bc-bd94affd31ae","__parent":"fs_1_meshes","position":[934.076294,-497.340393,162.77243],"distanceFade":[200,100],"improvedSpline":true,"material":"line_yellow","nodes":[[934.076294,-497.340393,162.77243,0.200000003],[935.327698,-497.588379,162.839233,0.200000003]],"overObjects":true,"renderPriority":13,"textureLength":8,"zBias":1}
{"class":"DecalRoad","persistentId":"534355b3-9a15-4090-a0f1-ea6019e4316e","__parent":"fs_1_meshes","position":[933.850281,-498.337677,162.77243],"distanceFade":[200,100],"improvedSpline":true,"material":"line_yellow","nodes":[[933.850281,-498.337677,162.77243,0.200000003],[935.091614,-498.583313,162.839233,0.200000003]],"overObjects":true,"renderPriority":13,"textureLength":8,"zBias":1}
{"class":"DecalRoad","persistentId":"acf3d6ee-5955-40ee-ac8b-0d1f43a49023","__parent":"fs_1_meshes","position":[933.576843,-499.33432,162.77243],"distanceFade":[200,100],"improvedSpline":true,"material":"line_yellow","nodes":[[933.576843,-499.33432,162.77243,0.200000003],[934.828247,-499.582306,162.839233,0.200000003]],"overObjects":true,"renderPriority":13,"textureLength":8,"zBias":1}
{"class":"DecalRoad","persistentId":"3040d4e1-65d0-4fe8-afd1-d7dd0b52a293","__parent":"fs_1_meshes","position":[933.349426,-500.331543,162.77243],"distanceFade":[200,100],"improvedSpline":true,"material":"line_yellow","nodes":[[933.349426,-500.331543,162.77243,0.200000003],[934.60083,-500.579529,162.839233,0.200000003]],"overObjects":true,"renderPriority":13,"textureLength":8,"zBias":1}
{"class":"TSStatic","persistentId":"7e786fb5-56d3-4c7a-9d5f-339bbb8710de","__parent":"fs_1_meshes","position":[906.845398,-466.375183,161.816269],"isRenderEnabled":false,"rotationMatrix":[0.953654826,0.300902694,0,-0.300902694,0.953654826,0,0,0,1],"shapeName":"/levels/west_coast_usa/art/shapes/buildings/s_fuel_charger_concrete_base.dae","useInstanceRenderData":true}
{"class":"TSStatic","persistentId":"c6a70a16-b14e-4ad4-bbae-bb132ccb9b16","__parent":"fs_1_meshes","position":[904.311768,-467.174622,161.816269],"isRenderEnabled":false,"rotationMatrix":[-0.953654647,-0.300902963,0,0.300902963,-0.953654647,0,0,0,1],"shapeName":"/levels/west_coast_usa/art/shapes/buildings/s_fuel_charger_concrete_base.dae","useInstanceRenderData":true}
{"class":"TSStatic","persistentId":"b2199249-8ba5-4777-9a73-c31ede753862","__parent":"fs_1_meshes","position":[901.595337,-468.031769,161.816269],"isRenderEnabled":false,"rotationMatrix":[0.953654826,0.300902694,0,-0.300902694,0.953654826,0,0,0,1],"shapeName":"/levels/west_coast_usa/art/shapes/buildings/s_fuel_charger_concrete_base.dae","useInstanceRenderData":true}
{"name":"p_fuel_pump_2015_trilobite","internalName":"p_fuel_pump_2015_trilobite","class":"Prefab","persistentId":"c5a24d26-7fc7-45a2-8767-1f64b9cfc824","__parent":"fs_1_meshes","position":[929.552185,-482.963715,162.36911],"filename":"/levels/west_coast_usa/art/prefabs/p_fuel_pump_2015_trilobite.prefab.json","rotationMatrix":[0.207911596,0.978147566,0,-0.978147566,0.207911596,0,0,0,0.999999881]}
{"name":"p_fuel_pump_2015_nodeoline1","internalName":"p_fuel_pump_2015_nodeoline1","class":"Prefab","persistentId":"1225b99f-f90b-4eae-9e0a-18c1acbbd243","__parent":"fs_1_meshes","position":[912.650391,-485.203369,162.367203],"filename":"/levels/west_coast_usa/art/prefabs/p_fuel_pump_2015_trilobite.prefab.json","rotationMatrix":[0.207911596,0.978147566,0,-0.978147566,0.207911596,0,0,0,0.999999881]}
{"name":"p_fuel_pump_2015_nodeoline2","internalName":"p_fuel_pump_2015_nodeoline2","class":"Prefab","persistentId":"d81f1f1b-df04-46d9-b7c4-b3586fea77fb","__parent":"fs_1_meshes","position":[920.623962,-486.905914,162.369919],"filename":"/levels/west_coast_usa/art/prefabs/p_fuel_pump_2015_trilobite.prefab.json","rotationMatrix":[0.207911596,0.978147566,0,-0.978147566,0.207911596,0,0,0,0.999999881]}
{"name":"p_fuel_pump_2015_nodeoline3","internalName":"p_fuel_pump_2015_nodeoline3","class":"Prefab","persistentId":"37af9352-2e19-4c4d-b049-44ad7d8cf9d6","__parent":"fs_1_meshes","position":[921.811584,-481.318359,162.361237],"filename":"/levels/west_coast_usa/art/prefabs/p_fuel_pump_2015_trilobite.prefab.json","rotationMatrix":[0.207911596,0.978147566,0,-0.978147566,0.207911596,0,0,0,0.999999881]}
{"name":"p_fuel_pump_2015_nodeoline5","internalName":"p_fuel_pump_2015_nodeoline5","class":"Prefab","persistentId":"aea8d0d4-fd77-4361-9a6a-659df347acb4","__parent":"fs_1_meshes","position":[928.364563,-488.55127,162.386749],"filename":"/levels/west_coast_usa/art/prefabs/p_fuel_pump_2015_trilobite.prefab.json","rotationMatrix":[0.207911596,0.978147566,0,-0.978147566,0.207911596,0,0,0,0.999999881]}
{"name":"p_fuel_pump_2015_nodeoline","internalName":"p_fuel_pump_2015_nodeoline","class":"Prefab","persistentId":"d0a20073-8924-4690-ac83-5dc116cb097c","__parent":"fs_1_meshes","position":[913.838013,-479.615814,162.343277],"filename":"/levels/west_coast_usa/art/prefabs/p_fuel_pump_2015_trilobite.prefab.json","rotationMatrix":[0.207911596,0.978147566,0,-0.978147566,0.207911596,0,0,0,0.999999881]}
{"class":"TSStatic","persistentId":"0ec9b06c-fafe-475d-a24d-0af28562c09c","__parent":"fs_1_meshes","position":[904.292847,-467.214386,161.864136],"isRenderEnabled":false,"rotationMatrix":[0.95496583,0.296715885,0,-0.296715885,0.95496583,0,0,0,1],"shapeName":"/levels/west_coast_usa/art/shapes/buildings/s_fuel_charger_car_2022.dae","useInstanceRenderData":true}
{"class":"TSStatic","persistentId":"7afa1f9b-4a35-47db-a7ad-d01f904a8f82","__parent":"fs_1_meshes","position":[906.861206,-466.416351,161.864136],"isRenderEnabled":false,"rotationMatrix":[0.95496583,0.296715885,0,-0.296715885,0.95496583,0,0,0,1],"shapeName":"/levels/west_coast_usa/art/shapes/buildings/s_fuel_charger_car_2022.dae","useInstanceRenderData":true}
{"class":"TSStatic","persistentId":"5484b335-4a09-40fc-8503-a79e68763c89","__parent":"fs_1_meshes","position":[901.62262,-468.083496,161.864136],"isRenderEnabled":false,"rotationMatrix":[0.95496583,0.296715885,0,-0.296715885,0.95496583,0,0,0,1],"shapeName":"/levels/west_coast_usa/art/shapes/buildings/s_fuel_charger_car_2022.dae","useInstanceRenderData":true}
{"class":"TSStatic","persistentId":"9e60b4d1-daf4-4822-a679-84a0e9a14daf","__parent":"fs_1_meshes","position":[921.0448,-484.302643,162.038834],"isRenderEnabled":false,"rotationMatrix":[0.207911596,0.978147566,0,-0.978147566,0.207911596,0,0,0,0.999999881],"shapeName":"/levels/west_coast_usa/art/shapes/buildings/s_fuel_structure_01.dae","useInstanceRenderData":true}
{"class":"TSStatic","persistentId":"8e40ef00-5406-4f08-bfd5-7810b6f73b11","__parent":"fs_1_meshes","position":[931.562805,-503.289429,163.397858],"isRenderEnabled":false,"rotationMatrix":[0.978147507,-0.207911685,0,0.207911685,0.978147507,0,0,0,0.999999881],"shapeName":"/levels/west_coast_usa/art/shapes/buildings/s_fuel_sign_trilobite.dae","useInstanceRenderData":true}
{"class":"TSStatic","persistentId":"441c2524-fd37-4809-8e93-ec49748887fa","__parent":"fs_1_meshes","position":[931.563843,-503.2854,163.015152],"isRenderEnabled":false,"rotationMatrix":[0.978147507,-0.207911685,0,0.207911685,0.978147507,0,0,0,0.999999881],"scale":[1,1.02999997,1],"shapeName":"/levels/west_coast_usa/art/shapes/buildings/s_fuel_sign_static_prices.dae","useInstanceRenderData":true}
{"class":"DecalRoad","persistentId":"1b01b695-aade-457d-b822-6a5c60bce601","__parent":"fs_1_meshes","position":[897.119446,-486.862823,161.876617],"improvedSpline":true,"material":"road1_concrete","nodes":[[897.119446,-486.862823,161.876617,6],[899.152893,-477.741272,161.558426,6]],"overObjects":true,"renderPriority":11,"textureLength":18}
{"class":"DecalRoad","persistentId":"12edff20-25c9-447b-b7e5-2a042b4fd092","__parent":"fs_1_meshes","position":[902.085205,-478.38736,162.146072],"breakAngle":1,"detail":0.300000012,"distanceFade":[100,50],"improvedSpline":true,"material":"road_crack","nodes":[[902.085205,-478.38736,162.146072,1],[900.038147,-487.518524,162.21727,1]],"overObjects":true,"textureLength":36}
{"class":"DecalRoad","persistentId":"447ff0b1-e4e9-4b8d-a129-d83f259f0bb9","__parent":"fs_1_meshes","position":[896.212646,-477.116272,162.144989],"breakAngle":1,"detail":0.300000012,"distanceFade":[100,50],"improvedSpline":true,"material":"road_crack","nodes":[[896.212646,-477.116272,162.144989,1],[894.174194,-486.214264,162.217087,1]],"overObjects":true,"textureLength":36}
{"class":"DecalRoad","persistentId":"42f3354c-47b7-45b5-9dd5-69c4d7cbc8a6","__parent":"fs_1_meshes","position":[900.07312,-487.507019,162.217102],"breakAngle":1,"detail":0.300000012,"distanceFade":[100,50],"improvedSpline":true,"material":"road_crack","nodes":[[900.07312,-487.507019,162.217102,1],[894.179749,-486.197632,162.217056,1]],"overObjects":true,"textureLength":36}
{"class":"DecalRoad","persistentId":"2c2b5f8b-f63f-4983-839e-b3a274f0c4af","__parent":"fs_1_meshes","position":[902.119629,-478.403961,162.146835],"breakAngle":1,"detail":0.300000012,"distanceFade":[100,50],"improvedSpline":true,"material":"road_crack","nodes":[[902.119629,-478.403961,162.146835,1],[896.198303,-477.0802,162.143707,1]],"overObjects":true,"textureLength":36}
{"class":"TSStatic","persistentId":"ea06cc9c-7b36-4e68-8ef6-b9cfc4573fa5","__parent":"fs_1_meshes","position":[896.835266,-485.225647,162.266968],"decalType":"None","isRenderEnabled":false,"rotationMatrix":[0.979431868,-0.201754168,-0.00290644914,0.201230302,0.977743864,-0.0593572333,0.0148173291,0.0575515032,0.998232603],"shapeName":"/levels/west_coast_usa/art/shapes/buildings/s_fuel_manhole_refill_double.dae","useInstanceRenderData":true}
{"class":"TSStatic","persistentId":"e71ad0d2-e1d9-4764-b95f-a66bea3ac155","__parent":"fs_1_meshes","position":[897.429077,-482.34024,162.130386],"decalType":"None","isRenderEnabled":false,"rotationMatrix":[0.979470909,-0.20158565,6.98491931e-10,0.201448798,0.978805959,-0.0368409753,0.00742661022,0.0360846668,0.999321163],"shapeName":"/levels/west_coast_usa/art/shapes/buildings/s_fuel_manhole_refill_double.dae","useInstanceRenderData":true}
{"class":"TSStatic","persistentId":"1f3537cb-aea4-4430-ad82-57c6ca53c4a4","__parent":"fs_1_meshes","position":[898.044617,-479.34845,162.086227],"decalType":"None","isRenderEnabled":false,"rotationMatrix":[0.979207098,-0.201495081,0.0235208832,0.201803386,0.979358077,-0.0115413005,-0.0207098499,0.0160479173,0.999656737],"shapeName":"/levels/west_coast_usa/art/shapes/buildings/s_fuel_manhole_refill_double.dae","useInstanceRenderData":true}
{"class":"TSStatic","persistentId":"79c0e98f-9c6c-46d1-9d68-77b28be7339d","__parent":"fs_1_meshes","position":[900.084534,-479.842499,162.145004],"decalType":"None","isRenderEnabled":false,"rotationMatrix":[0.219314575,0.975654304,-0.000144087709,-0.975182831,0.219204009,-0.0311186984,-0.0303295031,0.00696529914,0.999515712],"scale":[1,1,4],"shapeName":"/levels/west_coast_usa/art/shapes/buildings/s_fuel_manhole_refill.dae","useInstanceRenderData":true}
{"class":"TSStatic","persistentId":"4e5ac50b-acd2-49fb-8f87-4636fc54c834","__parent":"fs_1_meshes","position":[899.423218,-482.784546,162.152618],"decalType":"None","isRenderEnabled":false,"rotationMatrix":[0.218495369,0.975825608,0.00489659514,-0.975400984,0.21854496,-0.0288226902,-0.0291960463,0.00152147748,0.999572575],"scale":[1,1,4],"shapeName":"/levels/west_coast_usa/art/shapes/buildings/s_fuel_manhole_refill.dae","useInstanceRenderData":true}
{"class":"TSStatic","persistentId":"fdd23094-74ae-43c9-8c82-558c44ca5c91","__parent":"fs_1_meshes","position":[898.766907,-485.707397,162.275574],"decalType":"None","isRenderEnabled":false,"rotationMatrix":[0.219054759,0.973887801,-0.0596476905,-0.975651979,0.2193138,-0.00224920362,0.0108910985,0.0586880744,0.998216987],"scale":[1,1,4],"shapeName":"/levels/west_coast_usa/art/shapes/buildings/s_fuel_manhole_refill.dae","useInstanceRenderData":true}
{"class":"TSStatic","persistentId":"07b4a790-e785-4b4e-94aa-d1597ed5619d","__parent":"fs_1_meshes","position":[897.157166,-479.186584,162.061996],"decalType":"None","isRenderEnabled":false,"rotationMatrix":[0.219315052,0.975654185,-0.00041458942,-0.975110233,0.219178557,-0.0334823094,-0.0325762779,0.00774744898,0.99943924],"scale":[1,1,4],"shapeName":"/levels/west_coast_usa/art/shapes/buildings/s_fuel_manhole_refill.dae","useInstanceRenderData":true}
{"class":"TSStatic","persistentId":"1931388e-2d1e-4dc3-b27d-7a912db7d3d4","__parent":"fs_1_meshes","position":[896.500549,-482.111847,162.124588],"decalType":"None","isRenderEnabled":false,"rotationMatrix":[0.219239652,0.974933028,-0.037944328,-0.975665808,0.219200909,-0.00523000024,0.00321853533,0.0381676033,0.999266148],"scale":[1,1,4],"shapeName":"/levels/west_coast_usa/art/shapes/buildings/s_fuel_manhole_refill.dae","useInstanceRenderData":true}
{"class":"TSStatic","persistentId":"87fb03ad-68b1-416f-a61e-12fea8313b4b","__parent":"fs_1_meshes","position":[895.84314,-485.035339,162.259796],"decalType":"None","isRenderEnabled":false,"rotationMatrix":[0.219010413,0.97364974,-0.0635681674,-0.97565186,0.21931392,-0.00224920362,0.0117514506,0.0625129938,0.997974992],"scale":[1,1,4],"shapeName":"/levels/west_coast_usa/art/shapes/buildings/s_fuel_manhole_refill.dae","useInstanceRenderData":true}
{"class":"TSStatic","persistentId":"8dae0345-268b-442a-afed-8ad4338de2b6","__parent":"fs_1_meshes","isRenderEnabled":false,"rotationMatrix":[0.99999994,0,0,0,0.99999994,0,0,0,0.999999881],"shapeName":"/levels/west_coast_usa/art/shapes/buildings/s_fuel_sign_trilobite.dae","useInstanceRenderData":true}
